 158 
 247 
 290 
 445 
 448 
 449 
 582 
 659 
 684 
 726 
 882
 947 
 956 
 965 
1014 
1039 
1112 
1181 
1226 
1232 
1242 
1247
1260 
1299 
1319 
1326 
1328 
1364 
1378 
1393 
1500 
1530 
1549
1553 
1581 
1621 
1641 
1721 
1754 
1878 
1901 
1982 
2004 
2070
2073 
2098 
2118 
2129 
2130 
2135 
2182 
2293 
2371 
2387 
2405
2406 
2462 
2512 
2654 
2896 
2927 
2939 
2953 
2995 
3060 
3073
3422 
3503 
3504 
3520 
3558 
3567 
3574 
3597 
3604 
3626 
3681
3702 
3727 
3762 
3767 
3778 
3780 
3808 
3853 
3906 
3941 
3976
3985 
4176 
4224 
4271 
4289 
4369 
4425 
4477 
4497 
4571 
4575
4601 
4620 
4671 
4740 
4807 
4814 
4823 
4956 
5457 
5734 
5749
5821 
5937 
5955 
5973 
6023 
6091 
6173 
6555 
6560 
6571 
6574
6576 
6597 
6625 
6651 
6755 
7216 
7434 
7472 
7849 
7886 
8062
8094 
8095 
8198 
8527 
9009 
9015 
9019 
9024 
9280 
9505 
9587
9638 
9642 
9729 
9768 
9792 
9839 
9980