#sample #class
1	5
2	0
3	4
4	1
5	9
6	2
7	1
8	3
9	1
10	4
11	3
12	5
13	3
14	6
15	1
16	7
17	2
18	8
19	6
20	9
21	4
22	0
23	9
24	1
25	1
26	2
27	4
28	3
29	2
30	7
31	3
32	8
33	6
34	9
35	0
36	5
37	6
38	0
39	7
40	6
41	1
42	8
43	7
44	9
45	3
46	9
47	8
48	5
49	9
50	3
51	3
52	0
53	7
54	4
55	9
56	8
57	0
58	9
59	4
60	1
61	4
62	4
63	6
64	0
65	4
66	5
67	6
68	1
69	0
70	0
71	1
72	7
73	1
74	6
75	3
76	0
77	2
78	1
79	1
80	7
81	9
82	0
83	2
84	6
85	7
86	8
87	3
88	9
89	0
90	4
91	6
92	7
93	4
94	6
95	8
96	0
97	7
98	8
99	3
100	1
101	5
102	7
103	1
104	7
105	1
106	1
107	6
108	3
109	0
110	2
111	9
112	3
113	1
114	1
115	0
116	4
117	9
118	2
119	0
120	0
121	2
122	0
123	2
124	7
125	1
126	8
127	6
128	4
129	1
130	6
131	3
132	4
133	5
134	9
135	1
136	3
137	3
138	8
139	5
140	4
141	7
142	7
143	4
144	2
145	8
146	5
147	8
148	6
149	7
150	3
151	4
152	6
153	1
154	9
155	9
156	6
157	0
158	3
159	7
160	2
161	8
162	2
163	9
164	4
165	4
166	6
167	4
168	9
169	7
170	0
171	9
172	2
173	9
174	5
175	1
176	5
177	9
178	1
179	2
180	3
181	2
182	3
183	5
184	9
185	1
186	7
187	6
188	2
189	8
190	2
191	2
192	5
193	0
194	7
195	4
196	9
197	7
198	8
199	3
200	2
201	1
202	1
203	8
204	3
205	6
206	1
207	0
208	3
209	1
210	0
211	0
212	1
213	7
214	2
215	7
216	3
217	0
218	4
219	6
220	5
221	2
222	6
223	4
224	7
225	1
226	8
227	9
228	9
229	3
230	0
231	7
232	1
233	0
234	2
235	0
236	3
237	5
238	4
239	6
240	5
241	8
242	6
243	3
244	7
245	5
246	8
247	0
248	9
249	1
250	0
251	3
252	1
253	2
254	2
255	3
256	3
257	6
258	4
259	7
260	5
261	0
262	6
263	2
264	7
265	9
266	8
267	5
268	9
269	2
270	1
271	1
272	4
273	4
274	5
275	6
276	4
277	1
278	2
279	5
280	3
281	9
282	3
283	9
284	0
285	5
286	9
287	6
288	5
289	7
290	4
291	1
292	3
293	4
294	0
295	4
296	8
297	0
298	4
299	3
300	6
301	8
302	7
303	6
304	0
305	9
306	7
307	5
308	7
309	2
310	1
311	1
312	6
313	8
314	9
315	4
316	1
317	5
318	2
319	2
320	9
321	0
322	3
323	9
324	6
325	7
326	2
327	0
328	3
329	5
330	4
331	3
332	6
333	5
334	8
335	9
336	5
337	4
338	7
339	4
340	2
341	7
342	3
343	4
344	8
345	9
346	1
347	9
348	2
349	8
350	7
351	9
352	1
353	8
354	7
355	4
356	1
357	3
358	1
359	1
360	0
361	2
362	3
363	9
364	4
365	9
366	2
367	1
368	6
369	8
370	4
371	7
372	7
373	4
374	4
375	9
376	2
377	5
378	7
379	2
380	4
381	4
382	2
383	1
384	9
385	7
386	2
387	8
388	7
389	6
390	9
391	2
392	2
393	3
394	8
395	1
396	6
397	5
398	1
399	1
400	0
401	2
402	6
403	4
404	5
405	8
406	3
407	1
408	5
409	1
410	9
411	2
412	7
413	4
414	4
415	4
416	8
417	1
418	5
419	8
420	9
421	5
422	6
423	7
424	9
425	9
426	3
427	7
428	0
429	9
430	0
431	6
432	6
433	2
434	3
435	9
436	0
437	7
438	5
439	4
440	8
441	0
442	9
443	4
444	1
445	2
446	8
447	7
448	1
449	2
450	6
451	1
452	0
453	3
454	0
455	1
456	1
457	8
458	2
459	0
460	3
461	9
462	4
463	0
464	5
465	0
466	6
467	1
468	7
469	7
470	8
471	1
472	9
473	2
474	0
475	5
476	1
477	2
478	2
479	7
480	3
481	5
482	4
483	9
484	7
485	1
486	8
487	3
488	9
489	6
490	0
491	3
492	1
493	1
494	2
495	6
496	3
497	5
498	7
499	6
500	8
501	3
502	9
503	5
504	8
505	5
506	7
507	6
508	1
509	1
510	3
511	1
512	7
513	5
514	5
515	5
516	2
517	5
518	8
519	7
520	0
521	9
522	7
523	7
524	5
525	0
526	9
527	0
528	0
529	8
530	9
531	2
532	4
533	8
534	1
535	6
536	1
537	6
538	5
539	1
540	8
541	3
542	4
543	0
544	5
545	5
546	8
547	3
548	6
549	2
550	3
551	9
552	2
553	1
554	1
555	5
556	2
557	1
558	3
559	2
560	8
561	7
562	3
563	7
564	2
565	4
566	6
567	9
568	7
569	2
570	4
571	2
572	8
573	1
574	1
575	3
576	8
577	4
578	0
579	6
580	5
581	9
582	3
583	0
584	9
585	2
586	4
587	7
588	1
589	2
590	9
591	4
592	2
593	6
594	1
595	8
596	9
597	0
598	6
599	6
600	7
601	9
602	9
603	8
604	0
605	1
606	4
607	4
608	6
609	7
610	1
611	5
612	7
613	0
614	3
615	5
616	8
617	4
618	7
619	1
620	2
621	5
622	9
623	5
624	6
625	7
626	5
627	9
628	8
629	8
630	3
631	6
632	9
633	7
634	0
635	7
636	5
637	7
638	1
639	1
640	0
641	7
642	9
643	2
644	3
645	7
646	3
647	2
648	4
649	1
650	6
651	2
652	7
653	5
654	5
655	7
656	4
657	0
658	2
659	6
660	3
661	6
662	4
663	0
664	4
665	2
666	6
667	0
668	0
669	0
670	0
671	3
672	1
673	6
674	2
675	2
676	3
677	1
678	4
679	1
680	5
681	4
682	6
683	4
684	7
685	2
686	8
687	7
688	9
689	2
690	0
691	5
692	1
693	4
694	2
695	8
696	3
697	2
698	4
699	1
700	5
701	4
702	6
703	0
704	7
705	9
706	8
707	4
708	9
709	8
710	0
711	1
712	1
713	0
714	2
715	2
716	3
717	2
718	4
719	4
720	5
721	8
722	6
723	5
724	7
725	7
726	8
727	8
728	9
729	7
730	4
731	7
732	3
733	2
734	0
735	8
736	6
737	8
738	6
739	1
740	6
741	8
742	9
743	4
744	0
745	9
746	0
747	4
748	1
749	5
750	4
751	7
752	5
753	3
754	7
755	4
756	9
757	8
758	5
759	8
760	6
761	3
762	8
763	6
764	9
765	9
766	1
767	8
768	3
769	5
770	8
771	6
772	5
773	9
774	7
775	2
776	5
777	0
778	8
779	5
780	1
781	1
782	0
783	9
784	1
785	8
786	6
787	7
788	0
789	9
790	3
791	0
792	8
793	8
794	9
795	6
796	7
797	8
798	4
799	7
800	5
801	9
802	2
803	6
804	7
805	4
806	5
807	9
808	2
809	3
810	1
811	6
812	3
813	9
814	2
815	2
816	5
817	6
818	8
819	0
820	7
821	7
822	1
823	9
824	8
825	7
826	0
827	9
828	9
829	4
830	6
831	2
832	8
833	5
834	1
835	4
836	1
837	5
838	5
839	1
840	7
841	3
842	6
843	4
844	3
845	2
846	5
847	6
848	4
849	4
850	0
851	4
852	4
853	6
854	7
855	2
856	4
857	3
858	3
859	8
860	0
861	0
862	3
863	2
864	2
865	9
866	8
867	2
868	3
869	7
870	0
871	1
872	1
873	0
874	2
875	3
876	3
877	8
878	4
879	3
880	5
881	7
882	6
883	4
884	7
885	7
886	8
887	5
888	9
889	7
890	0
891	3
892	1
893	6
894	2
895	4
896	3
897	4
898	4
899	7
900	5
901	9
902	6
903	9
904	0
905	7
906	1
907	4
908	2
909	7
910	3
911	6
912	7
913	5
914	8
915	4
916	5
917	5
918	2
919	7
920	1
921	1
922	5
923	6
924	8
925	5
926	8
927	4
928	0
929	7
930	9
931	9
932	2
933	9
934	7
935	7
936	8
937	7
938	4
939	2
940	6
941	9
942	1
943	7
944	0
945	6
946	4
947	2
948	5
949	7
950	0
951	7
952	1
953	0
954	3
955	7
956	6
957	5
958	0
959	6
960	1
961	5
962	1
963	7
964	8
965	5
966	0
967	3
968	4
969	7
970	7
971	5
972	7
973	8
974	6
975	9
976	3
977	8
978	6
979	1
980	0
981	9
982	7
983	1
984	3
985	0
986	5
987	6
988	4
989	4
990	2
991	4
992	4
993	3
994	1
995	7
996	7
997	6
998	0
999	3
1000	6
