0 39
0 61
0 91
0 102
0 117
0 137
0 159
0 191
0 220
0 234
0 254
0 271
0 303
0 321
0 346
0 361
0 395
0 404
0 426
0 443
0 469
0 488
0 516
0 525
0 537
0 553
0 577
0 588
0 597
0 606
0 627
0 634
0 650
0 670
0 675
0 690
0 717
0 732
0 759
0 767
0 782
0 797
0 810
0 838
0 855
0 869
0 883
0 899
0 917
0 937
0 943
0 963
0 981
0 994
0 1010
0 1034
0 1041
0 1060
0 1083
0 1101
0 1116
0 1136
0 1146
0 1163
0 1171
0 1190
0 1214
0 1238
0 1255
0 1273
0 1291
0 1324
0 1345
0 1365
0 1386
0 1398
0 1409
0 1424
0 1437
0 1468
0 1490
0 1502
0 1523
0 1545
0 1579
0 1597
0 1616
0 1635
0 1648
0 1657
0 1679
0 1692
0 1719
0 1735
0 1777
0 1801
0 1822
0 1840
0 1866
0 1886
1 22
1 57
1 84
1 99
1 114
1 140
1 150
1 171
1 189
1 197
1 219
1 237
1 258
1 270
1 285
1 295
1 310
1 324
1 348
1 359
1 371
1 385
1 395
1 414
1 425
1 446
1 463
1 487
1 491
1 502
1 511
1 532
1 554
1 567
1 575
1 593
1 612
1 637
1 656
1 674
1 694
1 710
1 722
1 732
1 744
1 758
1 776
1 790
1 814
1 828
1 831
1 849
1 859
1 884
1 918
1 937
1 953
1 968
1 970
1 996
1 1015
1 1035
1 1055
1 1073
1 1100
1 1119
1 1138
1 1160
1 1176
1 1193
1 1216
1 1222
1 1245
1 1267
1 1299
1 1315
1 1344
1 1369
1 1399
1 1419
1 1440
1 1451
1 1477
1 1503
1 1536
1 1550
1 1569
1 1599
1 1619
1 1624
1 1633
1 1642
1 1680
1 1691
1 1711
1 1734
1 1755
1 1787
1 1808
1 1837
1 1852
1 1875
2 1
2 40
2 66
2 87
2 100
2 126
2 142
2 164
2 180
2 206
2 224
2 246
2 271
2 299
2 315
2 338
2 358
2 373
2 398
2 414
2 431
2 454
2 476
2 499
2 518
2 532
2 540
2 563
2 589
2 602
2 627
2 638
2 658
2 673
2 687
2 691
2 701
2 723
2 735
2 751
2 777
2 788
2 794
2 803
2 829
2 848
2 865
2 871
2 884
2 895
2 908
2 912
2 931
2 947
2 970
2 980
2 1004
2 1023
2 1042
2 1057
2 1077
2 1081
2 1108
2 1115
2 1134
2 1165
2 1188
2 1191
2 1220
2 1228
2 1244
2 1263
2 1277
2 1291
2 1315
2 1340
2 1358
2 1373
2 1394
2 1429
2 1445
2 1456
2 1474
2 1493
2 1519
2 1536
2 1573
2 1591
2 1662
2 1763
2 1800
3 34
3 41
3 77
3 91
3 116
3 139
3 155
3 180
3 191
3 217
3 230
3 241
3 261
3 280
3 299
3 312
3 331
3 342
3 368
3 372
3 391
3 417
3 427
3 448
3 451
3 463
3 479
3 495
3 513
3 533
3 544
3 564
3 577
3 598
3 608
3 619
3 631
3 657
3 664
3 679
3 696
3 711
3 726
3 752
3 761
3 783
3 816
3 827
3 847
3 860
3 875
3 898
3 911
3 938
3 952
3 984
3 994
3 1016
3 1040
3 1058
3 1063
3 1086
3 1111
3 1134
3 1146
3 1159
3 1161
3 1175
3 1191
3 1215
3 1257
3 1282
3 1300
3 1325
3 1342
3 1391
3 1429
3 1500
3 1623
3 1833
4 12
4 65
4 79
4 96
4 119
4 137
4 151
4 169
4 183
4 192
4 215
4 235
4 259
4 260
4 276
4 290
4 300
4 329
4 355
4 376
4 398
4 414
4 437
4 445
4 488
4 498
4 506
4 510
4 527
4 537
4 556
4 573
4 582
4 609
4 628
4 633
4 648
4 657
4 667
4 683
4 707
4 720
4 733
4 750
4 768
4 784
4 796
4 807
4 830
4 854
4 883
4 909
4 924
4 940
4 960
4 971
4 982
4 1002
4 1016
4 1026
4 1039
4 1048
4 1077
4 1090
4 1108
4 1193
4 1227
4 1245
4 1268
4 1294
4 1370
4 1402
4 1465
4 1549
4 1702
4 1736
5 19
5 34
5 57
5 65
5 89
5 96
5 114
5 122
5 142
5 156
5 175
5 198
5 218
5 239
5 259
5 276
5 291
5 313
5 334
5 341
5 358
5 377
5 400
5 408
5 429
5 458
5 464
5 476
5 483
5 506
5 524
5 543
5 552
5 573
5 589
5 610
5 621
5 643
5 689
5 695
5 716
5 733
5 754
5 772
5 794
5 816
5 837
5 841
5 857
5 875
5 884
5 903
5 925
5 952
5 971
5 996
5 1068
5 1100
5 1138
5 1211
5 1610
5 1664
6 51
6 73
6 93
6 108
6 113
6 134
6 152
6 168
6 187
6 197
6 208
6 226
6 247
6 261
6 281
6 305
6 321
6 340
6 363
6 381
6 406
6 427
6 439
6 449
6 451
6 475
6 496
6 509
6 525
6 544
6 566
6 574
6 599
6 619
6 624
6 646
6 652
6 662
6 676
6 685
6 702
6 720
6 736
6 752
6 769
6 783
6 810
6 826
6 833
6 867
6 901
6 933
6 963
6 1176
6 1322
6 1431
6 1509
6 1771
6 1815
7 19
7 38
7 53
7 72
7 89
7 93
7 114
7 135
7 149
7 162
7 181
7 217
7 234
7 256
7 279
7 306
7 320
7 350
7 374
7 397
7 409
7 429
7 440
7 463
7 489
7 495
7 511
7 532
7 541
7 560
7 575
7 595
7 608
7 635
7 756
7 851
7 888
7 1025
7 1370
7 1589
7 1693
7 1858
8 29
8 48
8 60
8 63
8 87
8 109
8 116
8 135
8 156
8 164
8 183
8 210
8 228
8 243
8 266
8 285
8 294
8 304
8 317
8 322
8 342
8 368
8 389
8 419
8 452
8 623
8 694
8 739
8 793
8 1064
8 1103
8 1207
8 1238
8 1267
8 1298
8 1398
8 1471
8 1554
8 1649
8 1746
9 10
9 32
9 54
9 77
9 87
9 108
9 126
9 148
9 160
9 178
9 207
9 221
9 240
9 279
9 493
9 591
9 677
9 839
9 923
9 954
9 996
9 1166
10 11
10 30
10 35
10 49
10 55
10 62
10 80
10 95
10 117
10 133
10 169
10 187
10 201
10 236
10 265
10 292
10 320
10 363
10 452
10 546
10 1131
10 1448
10 1479
10 1500
10 1517
10 1536
10 1549
10 1560
10 1590
10 1601
10 1630
10 1649
10 1664
10 1688
10 1707
10 1723
10 1741
10 1762
10 1783
10 1793
10 1804
10 1823
10 1836
10 1855
10 1868
11 12
11 105
11 137
11 404
11 656
11 730
11 881
11 914
11 1190
11 1232
11 1253
11 1277
11 1281
11 1310
11 1319
11 1328
11 1333
11 1349
11 1355
11 1365
11 1371
11 1382
11 1399
11 1404
11 1418
11 1420
11 1436
11 1443
11 1470
11 1477
11 1494
11 1513
11 1534
11 1567
11 1587
11 1601
11 1622
11 1647
11 1667
11 1696
11 1719
11 1749
11 1771
11 1818
11 1858
12 48
12 238
12 432
12 497
12 580
12 761
12 783
12 828
12 941
12 977
12 997
12 1014
12 1027
12 1049
12 1053
12 1065
12 1089
12 1093
12 1104
12 1114
12 1125
12 1143
12 1154
12 1169
12 1180
12 1181
12 1209
12 1210
12 1229
12 1230
12 1253
12 1264
12 1289
12 1307
12 1327
12 1343
12 1364
12 1390
12 1405
12 1438
12 1459
12 1465
12 1516
12 1535
12 1547
12 1566
12 1584
12 1604
12 1615
12 1632
12 1682
12 1702
12 1729
12 1771
12 1792
12 1824
12 1850
12 1864
13 78
13 102
13 174
13 214
13 290
13 334
13 362
13 476
13 530
13 625
13 640
13 694
13 721
13 803
13 827
13 852
13 864
13 871
13 889
13 898
13 911
13 921
13 931
13 952
13 962
13 973
13 994
13 1019
13 1031
13 1040
13 1072
13 1095
13 1114
13 1139
13 1144
13 1170
13 1184
13 1208
13 1219
13 1239
13 1251
13 1263
13 1282
13 1306
13 1315
13 1332
13 1368
13 1384
13 1424
13 1456
13 1485
13 1663
13 1773
14 28
14 143
14 397
14 567
14 612
14 662
14 681
14 705
14 719
14 735
14 740
14 756
14 771
14 788
14 800
14 808
14 829
14 832
14 841
14 859
14 864
14 890
14 905
14 912
14 926
14 943
14 951
14 982
14 1009
14 1027
14 1044
14 1065
14 1085
14 1105
14 1132
14 1563
14 1635
14 1751
14 1815
15 207
15 243
15 280
15 311
15 449
15 463
15 525
15 546
15 589
15 591
15 606
15 624
15 632
15 640
15 652
15 667
15 689
15 696
15 711
15 732
15 749
15 761
15 777
15 800
15 816
15 830
15 848
15 898
15 982
15 1194
15 1361
15 1405
15 1517
15 1716
16 76
16 102
16 134
16 177
16 367
16 405
16 424
16 458
16 478
16 482
16 499
16 500
16 513
16 521
16 541
16 554
16 570
16 573
16 586
16 592
16 619
16 624
16 649
16 661
16 687
16 703
16 728
16 874
16 1115
16 1163
16 1435
16 1616
17 30
17 329
17 346
17 355
17 363
17 381
17 396
17 409
17 418
17 432
17 445
17 469
17 479
17 491
17 520
17 549
17 759
17 799
17 950
17 1038
17 1074
17 1247
17 1301
17 1342
17 1551
17 1684
18 252
18 267
18 271
18 284
18 293
18 301
18 320
18 327
18 331
18 360
18 385
18 430
18 459
18 929
18 1500
19 73
19 183
19 209
19 211
19 228
19 238
19 247
19 253
19 267
19 305
19 358
20 9
20 47
20 131
20 157
20 167
20 170
20 196
20 227
20 281
20 322
20 403
20 536
20 837
20 876
20 1005
20 1141
20 1407
20 1661
20 1718
20 1741
20 1769
20 1786
20 1796
20 1807
20 1811
20 1837
20 1842
20 1865
21 102
21 114
21 121
21 146
21 463
21 512
21 590
21 604
21 623
21 631
21 645
21 659
21 676
21 683
21 694
21 718
21 733
21 767
21 789
21 805
21 878
21 902
21 927
21 958
21 1004
21 1040
21 1066
21 1101
21 1199
21 1219
21 1292
21 1458
21 1478
21 1554
21 1614
21 1641
21 1662
21 1688
21 1703
21 1728
21 1737
21 1750
21 1772
21 1784
21 1803
21 1830
21 1837
21 1860
21 1862
21 1875
21 1885
22 3
22 29
22 43
22 53
22 73
22 90
22 93
22 101
22 127
22 133
22 154
22 173
22 187
22 190
22 200
22 226
22 234
22 256
22 265
22 273
22 291
22 314
22 333
22 342
22 364
22 395
22 415
22 432
22 459
22 498
22 538
22 555
22 577
22 598
22 714
22 748
22 758
22 778
22 794
22 827
22 847
22 867
22 1218
22 1227
22 1264
22 1380
22 1397
22 1512
22 1574
22 1584
22 1591
22 1603
22 1626
22 1641
22 1652
22 1675
22 1682
22 1691
22 1708
22 1717
22 1730
22 1752
22 1768
22 1775
22 1796
22 1804
22 1827
22 1848
22 1858
23 7
23 26
23 36
23 59
23 74
23 88
23 101
23 125
23 150
23 163
23 184
23 204
23 223
23 246
23 261
23 289
23 293
23 320
23 353
23 380
23 395
23 409
23 430
23 447
23 480
23 521
23 556
23 573
23 591
23 612
23 622
23 647
23 653
23 680
23 702
23 732
23 750
23 779
23 799
23 819
23 830
23 993
23 1216
23 1246
23 1294
23 1307
23 1310
23 1338
23 1350
23 1376
23 1457
23 1515
23 1551
23 1575
23 1634
23 1674
23 1749
23 1794
23 1802
23 1821
23 1841
23 1874
24 0
24 26
24 40
24 60
24 76
24 94
24 117
24 126
24 147
24 151
24 184
24 210
24 231
24 257
24 275
24 296
24 300
24 316
24 321
24 333
24 358
24 368
24 379
24 382
24 418
24 428
24 447
24 467
24 498
24 538
24 593
24 621
24 641
24 666
24 673
24 706
24 718
24 721
24 731
24 752
24 767
24 777
24 797
24 808
24 964
24 1040
24 1157
24 1174
24 1204
24 1224
24 1260
24 1287
24 1337
24 1356
24 1360
24 1376
24 1398
24 1411
24 1436
24 1510
24 1539
24 1569
24 1582
24 1608
24 1614
24 1647
24 1660
24 1693
24 1729
24 1761
24 1788
24 1804
24 1812
24 1820
24 1833
24 1866
25 25
25 40
25 62
25 96
25 118
25 132
25 181
25 206
25 254
25 279
25 296
25 302
25 314
25 333
25 354
25 368
25 372
25 396
25 415
25 432
25 464
25 500
25 522
25 569
25 580
25 590
25 627
25 648
25 663
25 706
25 729
25 738
25 742
25 753
25 768
25 778
25 785
25 798
25 801
25 827
25 841
25 859
25 874
25 886
25 907
25 916
25 927
25 948
25 970
25 988
25 1083
25 1107
25 1129
25 1153
25 1190
25 1216
25 1233
25 1255
25 1276
25 1309
25 1351
25 1365
25 1370
25 1386
25 1426
25 1453
25 1483
25 1504
25 1562
25 1593
25 1604
25 1645
25 1670
25 1682
25 1701
25 1716
25 1746
25 1767
25 1784
25 1795
25 1804
25 1811
25 1839
25 1853
25 1879
25 1882
26 10
26 90
26 169
26 245
26 306
26 327
26 335
26 340
26 368
26 371
26 388
26 410
26 425
26 450
26 458
26 474
26 480
26 502
26 526
26 544
26 555
26 569
26 572
26 587
26 592
26 609
26 617
26 625
26 637
26 656
26 673
26 703
26 715
26 723
26 748
26 769
26 785
26 790
26 807
26 828
26 839
26 843
26 862
26 875
26 939
26 991
26 1013
26 1029
26 1037
26 1063
26 1087
26 1093
26 1110
26 1111
26 1141
26 1171
26 1192
26 1202
26 1217
26 1267
26 1294
26 1316
26 1333
26 1355
26 1368
26 1374
26 1386
26 1407
26 1416
26 1439
26 1479
26 1508
26 1511
26 1549
26 1554
26 1574
26 1599
26 1617
26 1632
26 1641
26 1689
26 1700
26 1728
26 1734
26 1753
26 1775
26 1804
26 1818
26 1820
26 1845
26 1867
27 216
27 222
27 234
27 244
27 302
27 312
27 325
27 336
27 348
27 353
27 370
27 376
27 403
27 416
27 422
27 433
27 450
27 465
27 478
27 499
27 516
27 525
27 548
27 567
27 586
27 605
27 612
27 623
27 644
27 658
27 669
27 679
27 699
27 703
27 711
27 723
27 748
27 751
27 761
27 774
27 784
27 791
27 819
27 836
27 845
27 861
27 873
27 898
27 908
27 919
27 923
27 942
27 959
27 961
27 972
27 997
27 1004
27 1068
27 1085
27 1097
27 1101
27 1138
27 1165
27 1173
27 1196
27 1206
27 1233
27 1253
27 1297
27 1333
27 1352
27 1367
27 1376
27 1384
27 1466
27 1498
27 1508
27 1549
27 1572
27 1583
27 1603
27 1613
27 1638
27 1669
27 1686
27 1708
27 1716
27 1770
27 1797
27 1800
27 1819
27 1840
27 1868
27 1884
28 37
28 68
28 87
28 146
28 196
28 215
28 242
28 266
28 315
28 330
28 334
28 347
28 351
28 371
28 386
28 407
28 412
28 427
28 434
28 449
28 454
28 462
28 473
28 487
28 517
28 525
28 541
28 550
28 561
28 579
28 586
28 596
28 601
28 621
28 637
28 650
28 672
28 706
28 720
28 731
28 741
28 757
28 767
28 778
28 791
28 803
28 815
28 832
28 843
28 864
28 882
28 1005
28 1026
28 1047
28 1077
28 1087
28 1098
28 1107
28 1113
28 1138
28 1158
28 1205
28 1213
28 1224
28 1248
28 1276
28 1308
28 1330
28 1354
28 1365
28 1375
28 1381
28 1398
28 1414
28 1437
28 1448
28 1508
28 1526
28 1551
28 1569
28 1586
28 1606
28 1651
28 1716
28 1730
28 1760
28 1797
28 1803
28 1817
28 1843
28 1866
28 1888
29 26
29 57
29 80
29 106
29 121
29 149
29 176
29 210
29 238
29 247
29 261
29 294
29 300
29 315
29 322
29 340
29 350
29 353
29 365
29 378
29 385
29 400
29 412
29 422
29 434
29 477
29 488
29 505
29 537
29 557
29 566
29 587
29 595
29 610
29 624
29 644
29 651
29 664
29 686
29 701
29 719
29 724
29 736
29 746
29 770
29 772
29 790
29 793
29 807
29 826
29 833
29 846
29 860
29 874
29 905
29 926
29 936
29 951
29 969
29 977
29 988
29 999
29 1003
29 1072
29 1086
29 1099
29 1101
29 1128
29 1151
29 1171
29 1200
29 1207
29 1228
29 1279
29 1294
29 1302
29 1338
29 1359
29 1367
29 1379
29 1386
29 1474
29 1492
29 1503
29 1549
29 1562
29 1587
29 1606
29 1617
29 1632
29 1643
29 1655
29 1689
29 1705
29 1723
29 1741
29 1777
29 1784
29 1798
29 1807
29 1811
29 1844
29 1863
29 1876
30 5
30 100
30 127
30 153
30 177
30 215
30 222
30 235
30 241
30 312
30 327
30 337
30 343
30 350
30 370
30 374
30 384
30 402
30 417
30 432
30 441
30 455
30 466
30 474
30 485
30 495
30 501
30 520
30 528
30 534
30 542
30 552
30 569
30 572
30 582
30 590
30 603
30 612
30 638
30 649
30 667
30 673
30 703
30 713
30 728
30 743
30 756
30 769
30 776
30 789
30 798
30 806
30 815
30 848
30 859
30 875
30 884
30 906
30 925
30 943
30 972
30 1006
30 1020
30 1025
30 1032
30 1044
30 1057
30 1062
30 1071
30 1089
30 1098
30 1114
30 1150
30 1181
30 1203
30 1217
30 1249
30 1268
30 1351
30 1365
30 1374
30 1381
30 1398
30 1419
30 1425
30 1436
30 1499
30 1504
30 1523
30 1554
30 1575
30 1605
30 1618
30 1632
30 1660
30 1680
30 1704
30 1712
30 1761
30 1781
30 1805
30 1818
30 1829
30 1846
30 1861
31 8
31 37
31 69
31 84
31 120
31 153
31 201
31 211
31 234
31 246
31 276
31 294
31 309
31 320
31 326
31 336
31 349
31 352
31 361
31 377
31 405
31 414
31 433
31 443
31 450
31 478
31 496
31 508
31 519
31 523
31 543
31 560
31 572
31 592
31 604
31 620
31 631
31 647
31 661
31 690
31 710
31 715
31 734
31 742
31 752
31 763
31 776
31 783
31 795
31 814
31 828
31 831
31 849
31 857
31 872
31 884
31 902
31 924
31 948
31 961
31 978
31 992
31 1018
31 1028
31 1053
31 1077
31 1094
31 1104
31 1124
31 1149
31 1165
31 1171
31 1181
31 1208
31 1219
31 1248
31 1273
31 1291
31 1318
31 1334
31 1342
31 1352
31 1369
31 1373
31 1384
31 1476
31 1487
31 1497
31 1502
31 1549
31 1564
31 1573
31 1585
31 1591
31 1606
31 1614
31 1632
31 1651
31 1670
31 1703
31 1735
31 1741
31 1755
31 1770
31 1788
31 1796
31 1804
31 1816
31 1823
31 1837
31 1855
31 1866
31 1888
32 18
32 39
32 46
32 80
32 112
32 136
32 152
32 172
32 188
32 216
32 224
32 236
32 244
32 254
32 280
32 311
32 329
32 338
32 345
32 351
32 375
32 383
32 391
32 415
32 423
32 445
32 455
32 462
32 488
32 508
32 510
32 523
32 549
32 558
32 567
32 587
32 597
32 603
32 623
32 658
32 666
32 678
32 701
32 712
32 729
32 733
32 741
32 759
32 777
32 782
32 794
32 807
32 813
32 829
32 847
32 851
32 874
32 904
32 927
32 956
32 990
32 1044
32 1080
32 1086
32 1092
32 1102
32 1115
32 1148
32 1206
32 1211
32 1239
32 1260
32 1280
32 1305
32 1320
32 1357
32 1370
32 1377
32 1382
32 1418
32 1435
32 1452
32 1484
32 1500
32 1504
32 1520
32 1547
32 1570
32 1596
32 1601
32 1618
32 1635
32 1649
32 1655
32 1679
32 1692
32 1710
32 1727
32 1765
32 1777
32 1789
32 1793
32 1809
32 1812
32 1836
32 1858
32 1861
32 1885
33 3
33 30
33 63
33 87
33 127
33 147
33 175
33 218
33 236
33 281
33 305
33 312
33 327
33 339
33 344
33 351
33 362
33 372
33 385
33 404
33 417
33 429
33 431
33 440
33 469
33 490
33 494
33 500
33 526
33 550
33 556
33 561
33 588
33 596
33 619
33 623
33 639
33 643
33 654
33 675
33 694
33 701
33 710
33 726
33 738
33 742
33 753
33 766
33 778
33 789
33 795
33 813
33 822
33 846
33 858
33 877
33 880
33 902
33 930
33 941
33 974
33 987
33 1025
33 1037
33 1047
33 1051
33 1062
33 1075
33 1084
33 1098
33 1110
33 1126
33 1143
33 1163
33 1189
33 1193
33 1206
33 1217
33 1285
33 1305
33 1325
33 1340
33 1351
33 1363
33 1372
33 1385
33 1407
33 1436
33 1476
33 1484
33 1492
33 1503
33 1549
33 1557
33 1568
33 1571
33 1586
33 1592
33 1602
33 1615
33 1633
33 1658
33 1665
33 1679
33 1698
33 1701
33 1724
33 1755
33 1765
33 1772
33 1784
33 1799
33 1804
33 1813
33 1833
33 1841
33 1855
33 1868
33 1879
33 1882
34 5
34 38
34 49
34 84
34 115
34 137
34 160
34 179
34 200
34 221
34 232
34 244
34 266
34 297
34 313
34 323
34 335
34 346
34 355
34 360
34 376
34 388
34 419
34 432
34 441
34 459
34 472
34 483
34 507
34 519
34 529
34 538
34 552
34 572
34 589
34 594
34 612
34 631
34 655
34 678
34 702
34 725
34 749
34 753
34 763
34 774
34 788
34 795
34 807
34 813
34 831
34 847
34 868
34 874
34 900
34 923
34 958
34 1013
34 1038
34 1046
34 1066
34 1070
34 1083
34 1099
34 1108
34 1125
34 1160
34 1200
34 1210
34 1248
34 1268
34 1293
34 1319
34 1332
34 1355
34 1363
34 1374
34 1389
34 1415
34 1485
34 1497
34 1504
34 1513
34 1546
34 1579
34 1586
34 1599
34 1608
34 1615
34 1630
34 1631
34 1644
34 1655
34 1666
34 1678
34 1687
34 1694
34 1702
34 1711
34 1721
34 1737
34 1744
34 1768
34 1785
34 1795
34 1803
34 1817
34 1821
34 1854
34 1871
35 3
35 30
35 34
35 83
35 117
35 136
35 151
35 179
35 196
35 222
35 265
35 289
35 293
35 318
35 329
35 331
35 349
35 353
35 364
35 370
35 383
35 408
35 413
35 423
35 435
35 449
35 454
35 470
35 482
35 503
35 512
35 527
35 546
35 558
35 562
35 578
35 596
35 600
35 616
35 627
35 637
35 653
35 667
35 676
35 697
35 700
35 719
35 725
35 732
35 741
35 757
35 765
35 783
35 799
35 806
35 814
35 825
35 831
35 852
35 866
35 876
35 890
35 910
35 935
35 959
35 973
35 985
35 995
35 1012
35 1039
35 1057
35 1061
35 1076
35 1087
35 1097
35 1104
35 1111
35 1127
35 1150
35 1162
35 1182
35 1197
35 1207
35 1247
35 1288
35 1302
35 1326
35 1340
35 1353
35 1361
35 1372
35 1380
35 1408
35 1417
35 1437
35 1457
35 1479
35 1482
35 1498
35 1504
35 1547
35 1560
35 1578
35 1599
35 1604
35 1616
35 1643
35 1658
35 1663
35 1671
35 1694
35 1703
35 1715
35 1722
35 1744
35 1755
35 1768
35 1774
35 1789
35 1791
35 1803
35 1815
35 1841
35 1860
35 1888
36 6
36 20
36 34
36 55
36 77
36 82
36 93
36 124
36 140
36 171
36 202
36 253
36 293
36 313
36 325
36 335
36 342
36 358
36 370
36 372
36 388
36 413
36 423
36 432
36 444
36 469
36 486
36 498
36 508
36 527
36 533
36 554
36 582
36 608
36 625
36 647
36 653
36 664
36 680
36 707
36 719
36 729
36 736
36 748
36 760
36 775
36 786
36 794
36 814
36 834
36 842
36 863
36 875
36 919
36 950
36 962
36 1037
36 1044
36 1058
36 1079
36 1085
36 1090
36 1100
36 1141
36 1168
36 1209
36 1220
36 1223
36 1248
36 1251
36 1272
36 1303
36 1331
36 1355
36 1362
36 1379
36 1388
36 1486
36 1492
36 1507
36 1528
36 1549
36 1550
36 1578
36 1598
36 1633
36 1688
36 1719
36 1744
36 1770
36 1792
36 1810
36 1813
36 1820
36 1832
36 1846
36 1867
36 1881
37 125
37 143
37 161
37 184
37 202
37 221
37 249
37 276
37 306
37 318
37 329
37 334
37 347
37 359
37 369
37 390
37 403
37 413
37 424
37 447
37 456
37 479
37 484
37 493
37 509
37 514
37 524
37 549
37 554
37 568
37 570
37 581
37 599
37 604
37 617
37 627
37 633
37 646
37 650
37 675
37 695
37 702
37 721
37 732
37 743
37 760
37 769
37 772
37 781
37 798
37 808
37 814
37 821
37 837
37 853
37 869
37 877
37 901
37 929
37 937
37 941
37 968
37 983
37 990
37 1015
37 1038
37 1057
37 1068
37 1074
37 1083
37 1096
37 1106
37 1111
37 1124
37 1138
37 1152
37 1177
37 1198
37 1203
37 1216
37 1293
37 1314
37 1331
37 1349
37 1354
37 1362
37 1373
37 1381
37 1418
37 1435
37 1457
37 1477
37 1489
37 1499
37 1504
37 1568
37 1585
37 1618
37 1635
37 1652
37 1676
37 1708
37 1744
37 1785
37 1799
37 1808
37 1815
37 1829
37 1842
37 1868
37 1886
38 7
38 17
38 28
38 45
38 68
38 85
38 108
38 259
38 317
38 326
38 337
38 345
38 353
38 370
38 375
38 383
38 412
38 420
38 435
38 440
38 456
38 467
38 486
38 501
38 510
38 526
38 539
38 543
38 561
38 583
38 591
38 613
38 632
38 643
38 666
38 678
38 708
38 712
38 727
38 731
38 750
38 768
38 778
38 787
38 800
38 804
38 813
38 831
38 845
38 859
38 876
38 881
38 908
38 978
38 999
38 1033
38 1046
38 1059
38 1074
38 1089
38 1094
38 1107
38 1163
38 1192
38 1204
38 1215
38 1232
38 1259
38 1274
38 1296
38 1305
38 1316
38 1335
38 1358
38 1365
38 1372
38 1383
38 1408
38 1485
38 1493
38 1501
38 1519
38 1535
38 1549
38 1565
38 1599
38 1731
38 1774
38 1807
38 1817
38 1837
38 1859
38 1868
39 43
39 77
39 131
39 180
39 210
39 237
39 293
39 302
39 312
39 324
39 334
39 344
39 354
39 364
39 372
39 392
39 403
39 416
39 432
39 440
39 451
39 475
39 496
39 504
39 528
39 543
39 553
39 568
39 579
39 588
39 592
39 612
39 621
39 634
39 649
39 665
39 677
39 696
39 704
39 716
39 736
39 745
39 756
39 766
39 786
39 797
39 814
39 831
39 846
39 867
39 879
39 918
39 939
39 953
39 969
39 985
39 1024
39 1037
39 1047
39 1066
39 1078
39 1081
39 1092
39 1105
39 1124
39 1146
39 1163
39 1183
39 1193
39 1209
39 1224
39 1245
39 1262
39 1286
39 1344
39 1370
39 1384
39 1408
39 1420
39 1441
39 1465
39 1484
39 1499
39 1505
39 1520
39 1549
39 1567
39 1583
39 1613
39 1635
39 1653
39 1686
39 1703
39 1766
39 1789
39 1806
39 1814
39 1839
39 1858
40 28
40 86
40 103
40 250
40 316
40 322
40 334
40 348
40 355
40 362
40 379
40 386
40 415
40 427
40 437
40 450
40 453
40 476
40 487
40 492
40 503
40 512
40 525
40 536
40 556
40 563
40 583
40 597
40 619
40 629
40 640
40 657
40 664
40 680
40 710
40 717
40 721
40 731
40 743
40 767
40 776
40 781
40 798
40 810
40 820
40 832
40 859
40 877
40 890
40 907
40 933
40 986
40 1030
40 1060
40 1070
40 1081
40 1099
40 1109
40 1130
40 1140
40 1157
40 1171
40 1197
40 1205
40 1212
40 1269
40 1295
40 1313
40 1331
40 1352
40 1363
40 1379
40 1389
40 1463
40 1483
40 1493
40 1505
40 1511
40 1549
40 1579
40 1598
40 1606
40 1630
40 1665
40 1671
40 1707
40 1724
40 1735
40 1752
40 1775
40 1788
40 1808
40 1812
40 1823
40 1841
40 1867
40 1870
41 86
41 176
41 211
41 295
41 309
41 315
41 323
41 340
41 348
41 350
41 366
41 376
41 388
41 402
41 419
41 429
41 437
41 442
41 453
41 468
41 485
41 499
41 508
41 520
41 521
41 548
41 555
41 563
41 583
41 599
41 618
41 623
41 632
41 648
41 655
41 667
41 689
41 701
41 719
41 730
41 738
41 751
41 768
41 777
41 789
41 791
41 822
41 837
41 852
41 871
41 907
41 917
41 932
41 944
41 964
41 988
41 1011
41 1028
41 1040
41 1053
41 1063
41 1072
41 1081
41 1099
41 1107
41 1116
41 1146
41 1174
41 1199
41 1206
41 1215
41 1234
41 1257
41 1289
41 1320
41 1345
41 1365
41 1379
41 1382
41 1398
41 1405
41 1420
41 1450
41 1483
41 1496
41 1509
41 1518
41 1548
41 1569
41 1571
41 1598
41 1601
41 1622
41 1632
41 1652
41 1663
41 1699
41 1705
41 1776
41 1806
41 1820
41 1841
41 1869
42 8
42 42
42 75
42 115
42 130
42 158
42 234
42 266
42 286
42 315
42 326
42 336
42 342
42 350
42 365
42 376
42 382
42 419
42 421
42 441
42 480
42 490
42 508
42 516
42 523
42 548
42 561
42 574
42 581
42 598
42 605
42 611
42 638
42 645
42 669
42 676
42 698
42 700
42 715
42 737
42 749
42 755
42 761
42 790
42 791
42 805
42 811
42 826
42 831
42 844
42 851
42 863
42 870
42 893
42 959
42 975
42 995
42 1031
42 1047
42 1062
42 1076
42 1086
42 1091
42 1110
42 1128
42 1144
42 1170
42 1173
42 1196
42 1213
42 1229
42 1246
42 1260
42 1289
42 1309
42 1337
42 1351
42 1365
42 1374
42 1387
42 1450
42 1488
42 1494
42 1507
42 1536
42 1558
42 1584
42 1606
42 1626
42 1647
42 1661
42 1686
42 1721
42 1738
42 1751
42 1764
42 1781
42 1795
42 1809
42 1815
42 1840
42 1868
42 1887
43 32
43 84
43 105
43 122
43 154
43 180
43 197
43 305
43 312
43 323
43 339
43 346
43 350
43 368
43 375
43 406
43 419
43 421
43 438
43 446
43 454
43 460
43 479
43 487
43 490
43 509
43 517
43 521
43 548
43 568
43 573
43 593
43 611
43 632
43 647
43 665
43 683
43 704
43 726
43 731
43 746
43 756
43 768
43 775
43 790
43 795
43 804
43 825
43 841
43 856
43 879
43 889
43 908
43 910
43 927
43 930
43 943
43 950
43 973
43 991
43 1019
43 1030
43 1051
43 1061
43 1079
43 1081
43 1100
43 1107
43 1126
43 1160
43 1199
43 1211
43 1263
43 1294
43 1302
43 1324
43 1353
43 1366
43 1377
43 1389
43 1418
43 1433
43 1476
43 1485
43 1491
43 1502
43 1528
43 1555
43 1587
43 1607
43 1622
43 1648
43 1661
43 1685
43 1708
43 1712
43 1721
43 1745
43 1762
43 1785
43 1804
43 1823
43 1846
43 1851
43 1863
43 1872
44 10
44 40
44 42
44 70
44 126
44 134
44 144
44 167
44 179
44 201
44 249
44 286
44 305
44 311
44 323
44 337
44 340
44 356
44 370
44 377
44 388
44 396
44 414
44 424
44 442
44 458
44 473
44 484
44 499
44 517
44 521
44 537
44 541
44 559
44 566
44 575
44 589
44 592
44 609
44 614
44 623
44 635
44 653
44 663
44 670
44 705
44 717
44 725
44 738
44 756
44 767
44 787
44 795
44 806
44 819
44 826
44 837
44 848
44 866
44 875
44 886
44 984
44 1001
44 1023
44 1037
44 1043
44 1055
44 1070
44 1071
44 1080
44 1097
44 1101
44 1115
44 1133
44 1157
44 1176
44 1193
44 1209
44 1220
44 1236
44 1253
44 1278
44 1301
44 1322
44 1349
44 1358
44 1363
44 1371
44 1388
44 1396
44 1402
44 1445
44 1464
44 1483
44 1495
44 1507
44 1543
44 1551
44 1610
44 1654
44 1666
44 1685
44 1705
44 1729
44 1744
44 1768
44 1786
44 1802
44 1826
44 1839
44 1842
44 1870
44 1887
45 18
45 31
45 83
45 103
45 125
45 149
45 170
45 179
45 198
45 277
45 283
45 304
45 320
45 332
45 340
45 359
45 365
45 387
45 405
45 413
45 427
45 438
45 449
45 461
45 475
45 489
45 499
45 508
45 516
45 520
45 537
45 548
45 563
45 579
45 596
45 612
45 624
45 636
45 643
45 659
45 675
45 680
45 700
45 710
45 747
45 761
45 781
45 796
45 803
45 823
45 832
45 853
45 868
45 885
45 910
45 918
45 930
45 931
45 946
45 961
45 973
45 997
45 1011
45 1020
45 1037
45 1041
45 1056
45 1066
45 1078
45 1084
45 1096
45 1117
45 1130
45 1162
45 1197
45 1203
45 1221
45 1284
45 1307
45 1324
45 1346
45 1351
45 1363
45 1378
45 1426
45 1496
45 1510
45 1548
45 1560
45 1586
45 1608
45 1641
45 1658
45 1661
45 1682
45 1715
45 1724
45 1736
45 1743
45 1765
45 1771
45 1789
45 1796
45 1830
45 1857
45 1865
45 1873
45 1880
46 9
46 26
46 36
46 47
46 74
46 112
46 123
46 131
46 141
46 157
46 174
46 219
46 237
46 260
46 286
46 310
46 319
46 323
46 338
46 343
46 359
46 362
46 373
46 390
46 396
46 401
46 429
46 436
46 460
46 469
46 472
46 492
46 504
46 519
46 527
46 535
46 545
46 552
46 560
46 578
46 597
46 610
46 626
46 645
46 665
46 704
46 726
46 736
46 759
46 760
46 781
46 796
46 810
46 812
46 825
46 848
46 857
46 874
46 886
46 958
46 981
46 1030
46 1031
46 1044
46 1056
46 1067
46 1077
46 1082
46 1099
46 1127
46 1156
46 1171
46 1209
46 1211
46 1233
46 1254
46 1270
46 1294
46 1313
46 1322
46 1335
46 1346
46 1351
46 1370
46 1373
46 1383
46 1406
46 1426
46 1441
46 1465
46 1481
46 1491
46 1522
46 1546
46 1622
46 1633
46 1658
46 1665
46 1687
46 1695
46 1716
46 1738
46 1783
46 1803
46 1835
46 1841
46 1870
46 1887
47 14
47 30
47 78
47 103
47 111
47 135
47 160
47 174
47 299
47 318
47 320
47 335
47 346
47 354
47 367
47 373
47 384
47 402
47 413
47 421
47 439
47 448
47 458
47 465
47 483
47 491
47 521
47 531
47 552
47 576
47 599
47 611
47 626
47 643
47 651
47 674
47 683
47 698
47 714
47 727
47 730
47 753
47 764
47 777
47 790
47 795
47 808
47 829
47 849
47 856
47 874
47 888
47 910
47 915
47 929
47 935
47 946
47 968
47 982
47 1006
47 1028
47 1044
47 1053
47 1071
47 1090
47 1107
47 1123
47 1159
47 1184
47 1209
47 1211
47 1289
47 1312
47 1323
47 1332
47 1341
47 1354
47 1406
47 1481
47 1535
47 1560
47 1562
47 1592
47 1613
47 1650
47 1668
47 1678
47 1727
47 1732
47 1769
47 1788
47 1798
47 1816
47 1867
47 1880
48 12
48 24
48 37
48 89
48 93
48 124
48 134
48 142
48 159
48 175
48 198
48 219
48 237
48 259
48 281
48 304
48 317
48 328
48 330
48 344
48 351
48 366
48 382
48 398
48 407
48 412
48 427
48 444
48 452
48 463
48 485
48 494
48 522
48 545
48 557
48 567
48 572
48 587
48 593
48 604
48 613
48 633
48 667
48 682
48 700
48 726
48 732
48 748
48 753
48 776
48 783
48 798
48 819
48 824
48 844
48 869
48 888
48 931
48 972
48 1059
48 1081
48 1113
48 1132
48 1152
48 1182
48 1205
48 1211
48 1221
48 1238
48 1247
48 1251
48 1305
48 1325
48 1342
48 1362
48 1382
48 1436
48 1465
48 1497
48 1512
48 1551
48 1564
48 1608
48 1623
48 1632
48 1678
48 1686
48 1709
48 1732
48 1754
48 1793
48 1810
48 1823
48 1832
48 1850
48 1883
49 20
49 25
49 59
49 83
49 113
49 124
49 134
49 160
49 172
49 270
49 286
49 308
49 316
49 323
49 338
49 340
49 350
49 368
49 374
49 387
49 397
49 417
49 421
49 434
49 442
49 463
49 479
49 486
49 494
49 520
49 540
49 542
49 558
49 578
49 608
49 630
49 632
49 643
49 655
49 666
49 673
49 681
49 707
49 724
49 749
49 753
49 768
49 776
49 786
49 807
49 817
49 837
49 859
49 869
49 887
49 919
49 929
49 954
49 979
49 993
49 1013
49 1037
49 1051
49 1090
49 1100
49 1138
49 1164
49 1187
49 1199
49 1218
49 1277
49 1300
49 1369
49 1396
49 1425
49 1464
49 1474
49 1492
49 1518
49 1538
49 1553
49 1565
49 1572
49 1596
49 1616
49 1627
49 1640
49 1663
49 1677
49 1692
49 1722
49 1731
49 1758
49 1779
49 1796
49 1825
49 1852
49 1879
49 1880
50 3
50 13
50 39
50 48
50 75
50 90
50 118
50 149
50 164
50 206
50 237
50 255
50 295
50 309
50 318
50 325
50 334
50 354
50 367
50 374
50 384
50 398
50 408
50 413
50 422
50 447
50 457
50 460
50 475
50 487
50 508
50 523
50 530
50 560
50 578
50 588
50 591
50 604
50 612
50 628
50 632
50 658
50 675
50 692
50 707
50 711
50 739
50 742
50 787
50 801
50 821
50 837
50 844
50 866
50 877
50 896
50 916
50 931
50 953
50 975
50 995
50 1032
50 1053
50 1077
50 1094
50 1121
50 1143
50 1165
50 1205
50 1214
50 1233
50 1258
50 1315
50 1340
50 1373
50 1422
50 1456
50 1463
50 1483
50 1502
50 1586
50 1610
50 1623
50 1679
50 1714
50 1731
50 1755
50 1780
50 1791
50 1802
50 1830
50 1843
50 1860
50 1884
51 9
51 25
51 45
51 72
51 100
51 132
51 187
51 281
51 299
51 303
51 315
51 339
51 345
51 352
51 366
51 370
51 387
51 391
51 420
51 428
51 430
51 443
51 453
51 465
51 487
51 506
51 523
51 536
51 541
51 554
51 567
51 578
51 590
51 596
51 602
51 613
51 620
51 676
51 714
51 730
51 765
51 776
51 790
51 801
51 826
51 866
51 909
51 1019
51 1041
51 1079
51 1112
51 1190
51 1199
51 1201
51 1220
51 1282
51 1308
51 1315
51 1331
51 1358
51 1361
51 1377
51 1396
51 1409
51 1411
51 1425
51 1446
51 1458
51 1494
51 1538
51 1579
51 1594
51 1615
51 1642
51 1664
51 1672
51 1698
51 1702
51 1711
51 1723
51 1739
51 1783
51 1792
51 1817
51 1839
51 1868
51 1882
52 72
52 222
52 303
52 317
52 326
52 335
52 351
52 363
52 378
52 393
52 409
52 419
52 435
52 456
52 471
52 484
52 508
52 513
52 530
52 547
52 560
52 564
52 579
52 581
52 592
52 607
52 618
52 621
52 636
52 641
52 650
52 668
52 674
52 684
52 694
52 708
52 718
52 722
52 737
52 742
52 753
52 761
52 784
52 806
52 812
52 837
52 841
52 861
52 872
52 888
52 898
52 923
52 935
52 948
52 956
52 970
52 972
52 983
52 997
52 1007
52 1012
52 1021
52 1033
52 1042
52 1083
52 1093
52 1101
52 1113
52 1123
52 1130
52 1147
52 1152
52 1161
52 1179
52 1196
52 1201
52 1220
52 1240
52 1263
52 1284
52 1293
52 1310
52 1339
52 1344
52 1370
52 1387
52 1435
52 1443
52 1477
52 1601
52 1627
52 1633
52 1644
52 1668
52 1679
52 1686
52 1737
52 1744
52 1751
52 1763
52 1796
52 1821
52 1831
52 1854
53 78
53 123
53 169
53 267
53 281
53 304
53 314
53 329
53 333
53 343
53 359
53 363
53 394
53 428
53 447
53 460
53 501
53 528
53 550
53 551
53 578
53 584
53 617
53 622
53 643
53 665
53 684
53 698
53 713
53 736
53 778
53 786
53 795
53 806
53 828
53 833
53 858
53 863
53 873
53 887
53 893
53 905
53 919
53 923
53 940
53 978
53 999
53 1012
53 1050
53 1067
53 1086
53 1114
53 1139
53 1165
53 1184
53 1193
53 1203
53 1221
53 1248
53 1256
53 1266
53 1288
53 1310
53 1323
53 1368
53 1428
53 1436
53 1459
53 1476
53 1566
53 1584
53 1603
53 1621
53 1675
53 1701
53 1723
53 1735
53 1788
53 1793
53 1827
53 1841
54 33
54 86
54 147
54 187
54 296
54 326
54 330
54 346
54 357
54 366
54 387
54 407
54 415
54 439
54 445
54 461
54 486
54 503
54 578
54 599
54 608
54 629
54 633
54 646
54 654
54 661
54 672
54 699
54 707
54 711
54 728
54 731
54 745
54 751
54 762
54 770
54 797
54 812
54 832
54 850
54 854
54 870
54 876
54 882
54 898
54 926
54 941
54 969
54 992
54 1020
54 1096
54 1151
54 1208
54 1223
54 1275
54 1334
54 1406
54 1413
54 1436
54 1447
54 1502
54 1564
54 1607
54 1628
54 1648
54 1655
54 1676
54 1683
54 1699
54 1736
54 1751
54 1799
54 1826
54 1850
54 1888
55 21
55 75
55 113
55 132
55 167
55 175
55 273
55 295
55 310
55 328
55 334
55 349
55 357
55 388
55 401
55 438
55 476
55 522
55 548
55 553
55 568
55 570
55 582
55 601
55 618
55 648
55 654
55 664
55 673
55 683
55 690
55 704
55 730
55 738
55 754
55 768
55 776
55 788
55 799
55 807
55 816
55 824
55 833
55 845
55 853
55 862
55 875
55 890
55 903
55 914
55 1218
55 1220
55 1269
55 1284
55 1398
55 1401
55 1424
55 1470
55 1542
55 1557
55 1569
55 1589
55 1604
55 1626
55 1679
55 1740
55 1796
55 1828
55 1850
55 1885
56 7
56 39
56 45
56 80
56 137
56 168
56 171
56 189
56 230
56 287
56 304
56 329
56 340
56 347
56 371
56 400
56 401
56 418
56 428
56 438
56 453
56 501
56 601
56 626
56 636
56 662
56 675
56 685
56 702
56 712
56 731
56 748
56 752
56 768
56 790
56 803
56 814
56 824
56 834
56 845
56 855
56 875
56 895
56 952
56 992
56 1072
56 1122
56 1190
56 1228
56 1237
56 1258
56 1293
56 1313
56 1379
56 1380
56 1413
56 1437
56 1566
56 1609
56 1627
56 1637
56 1674
56 1694
56 1742
56 1794
56 1833
56 1857
56 1886
57 28
57 30
57 72
57 123
57 157
57 180
57 225
57 271
57 281
57 301
57 321
57 330
57 352
57 376
57 393
57 465
57 482
57 509
57 537
57 564
57 589
57 609
57 628
57 651
57 664
57 689
57 698
57 704
57 720
57 737
57 746
57 768
57 779
57 783
57 799
57 802
57 817
57 822
57 833
57 851
57 867
57 877
57 887
57 904
57 933
57 1032
57 1069
57 1191
57 1274
57 1313
57 1363
57 1377
57 1402
57 1518
57 1559
57 1567
57 1597
57 1625
57 1671
57 1686
57 1740
57 1795
57 1823
57 1834
57 1842
57 1888
58 9
58 39
58 46
58 149
58 163
58 172
58 195
58 281
58 306
58 321
58 348
58 368
58 382
58 392
58 420
58 431
58 451
58 545
58 568
58 594
58 623
58 640
58 663
58 698
58 719
58 721
58 740
58 759
58 765
58 777
58 780
58 793
58 806
58 818
58 820
58 859
58 920
58 986
58 1014
58 1093
58 1154
58 1297
58 1324
58 1350
58 1358
58 1370
58 1390
58 1467
58 1490
58 1529
58 1568
58 1608
58 1639
58 1690
58 1750
58 1806
58 1831
58 1852
59 4
59 26
59 35
59 85
59 117
59 126
59 139
59 145
59 156
59 168
59 171
59 272
59 283
59 306
59 321
59 354
59 387
59 408
59 433
59 482
59 496
59 518
59 538
59 598
59 686
59 699
59 715
59 727
59 738
59 745
59 750
59 770
59 774
59 796
59 846
59 900
59 959
59 1230
59 1369
59 1415
59 1439
59 1491
59 1517
59 1553
59 1568
59 1591
59 1610
59 1637
59 1685
59 1740
59 1840
60 10
60 13
60 26
60 31
60 47
60 81
60 126
60 143
60 152
60 170
60 276
60 306
60 339
60 374
60 385
60 407
60 419
60 430
60 458
60 477
60 516
60 544
60 572
60 607
60 629
60 640
60 650
60 678
60 707
60 722
60 733
60 746
60 752
60 761
60 790
60 808
60 825
60 868
60 883
60 1138
60 1318
60 1351
60 1377
60 1385
60 1392
60 1431
60 1453
60 1500
60 1567
60 1608
60 1638
60 1690
60 1834
61 17
61 22
61 35
61 84
61 115
61 138
61 170
61 204
61 235
61 254
61 276
61 295
61 324
61 356
61 371
61 400
61 411
61 442
61 462
61 494
61 511
61 529
61 546
61 551
61 571
61 626
61 714
61 726
61 742
61 762
61 782
61 913
61 939
61 982
61 1029
61 1051
61 1184
61 1217
61 1261
61 1282
61 1291
61 1318
61 1349
61 1354
61 1362
61 1383
61 1414
61 1431
61 1511
61 1539
61 1569
61 1604
61 1635
61 1736
61 1855
62 111
62 142
62 153
62 176
62 195
62 219
62 249
62 354
62 381
62 406
62 411
62 449
62 456
62 501
62 544
62 565
62 600
62 630
62 640
62 649
62 664
62 695
62 742
62 761
62 791
62 817
62 831
62 850
62 863
62 902
62 956
62 978
62 1005
62 1033
62 1096
62 1104
62 1121
62 1198
62 1253
62 1284
62 1348
62 1365
62 1374
62 1425
62 1465
62 1477
62 1495
62 1598
62 1615
62 1788
62 1835
63 5
63 25
63 49
63 68
63 85
63 97
63 108
63 113
63 138
63 157
63 283
63 311
63 379
63 398
63 406
63 446
63 472
63 492
63 514
63 524
63 575
63 592
63 617
63 627
63 669
63 687
63 699
63 716
63 732
63 762
63 788
63 894
63 903
63 920
63 1062
63 1095
63 1119
63 1123
63 1158
63 1179
63 1182
63 1216
63 1244
63 1279
63 1365
63 1387
63 1412
63 1425
63 1459
63 1490
63 1525
63 1703
63 1839
63 1847
64 19
64 48
64 74
64 197
64 255
64 342
64 389
64 391
64 402
64 448
64 458
64 492
64 524
64 530
64 542
64 558
64 576
64 589
64 630
64 639
64 657
64 754
64 796
64 814
64 836
64 845
64 866
64 883
64 912
64 932
64 986
64 1001
64 1027
64 1055
64 1085
64 1103
64 1129
64 1132
64 1141
64 1189
64 1208
64 1225
64 1256
64 1279
64 1285
64 1292
64 1312
64 1328
64 1339
64 1346
64 1364
64 1388
64 1430
64 1473
64 1609
64 1850
65 231
65 257
65 289
65 312
65 337
65 376
65 383
65 410
65 431
65 449
65 500
65 521
65 543
65 565
65 614
65 638
65 681
65 706
65 725
65 733
65 757
65 791
65 816
65 832
65 860
65 861
65 897
65 916
65 933
65 953
65 978
65 1013
65 1023
65 1040
65 1061
65 1084
65 1094
65 1111
65 1180
65 1186
65 1204
65 1251
65 1276
65 1364
65 1414
65 1475
65 1509
65 1574
65 1607
65 1669
65 1775
65 1832
65 1849
66 101
66 123
66 143
66 167
66 182
66 219
66 266
66 291
66 328
66 382
66 403
66 418
66 442
66 470
66 500
66 527
66 554
66 615
66 626
66 645
66 735
66 757
66 764
66 771
66 785
66 799
66 811
66 823
66 845
66 872
66 917
66 928
66 998
66 1010
66 1013
66 1037
66 1068
66 1098
66 1125
66 1139
66 1190
66 1207
66 1248
66 1277
66 1293
66 1310
66 1322
66 1335
66 1369
66 1382
66 1423
66 1462
66 1480
66 1526
67 29
67 54
67 76
67 96
67 188
67 216
67 258
67 290
67 328
67 352
67 372
67 398
67 406
67 444
67 500
67 520
67 523
67 548
67 556
67 580
67 624
67 700
67 739
67 845
67 870
67 911
67 949
67 999
67 1057
67 1063
67 1085
67 1105
67 1129
67 1176
67 1191
67 1238
67 1256
67 1269
67 1274
67 1310
67 1327
67 1381
67 1451
67 1477
67 1848
68 11
68 36
68 95
68 111
68 142
68 165
68 216
68 252
68 324
68 385
68 392
68 410
68 412
68 441
68 451
68 488
68 530
68 531
68 542
68 558
68 612
68 628
68 648
68 686
68 743
68 752
68 778
68 787
68 804
68 812
68 828
68 838
68 856
68 875
68 902
68 918
68 947
68 973
68 1008
68 1028
68 1044
68 1060
68 1076
68 1097
68 1119
68 1189
68 1274
68 1299
68 1319
68 1322
68 1338
68 1366
68 1388
68 1422
68 1466
68 1482
68 1518
68 1746
69 13
69 69
69 93
69 214
69 251
69 329
69 378
69 397
69 407
69 450
69 482
69 506
69 526
69 537
69 545
69 572
69 618
69 683
69 702
69 735
69 741
69 757
69 779
69 785
69 799
69 808
69 819
69 860
69 908
69 945
69 1022
69 1061
69 1093
69 1112
69 1135
69 1177
69 1207
69 1248
69 1268
69 1290
69 1319
69 1326
69 1370
69 1428
69 1462
69 1558
69 1603
69 1642
69 1711
70 64
70 74
70 106
70 210
70 215
70 251
70 321
70 379
70 385
70 418
70 447
70 454
70 526
70 540
70 562
70 605
70 623
70 631
70 683
70 748
70 753
70 764
70 777
70 782
70 790
70 805
70 813
70 831
70 854
70 876
70 911
70 926
70 943
70 1007
70 1015
70 1067
70 1077
70 1081
70 1101
70 1141
70 1190
70 1279
70 1319
70 1321
70 1333
70 1362
70 1383
70 1424
70 1452
70 1485
70 1525
70 1800
70 1834
71 62
71 158
71 251
71 368
71 370
71 402
71 445
71 483
71 491
71 517
71 530
71 540
71 558
71 625
71 726
71 748
71 755
71 778
71 809
71 816
71 858
71 908
71 978
71 1010
71 1056
71 1065
71 1078
71 1103
71 1129
71 1178
71 1181
71 1231
71 1256
71 1271
71 1315
71 1324
71 1369
71 1385
71 1426
71 1478
71 1513
71 1687
72 11
72 79
72 105
72 216
72 256
72 299
72 385
72 405
72 413
72 446
72 452
72 521
72 537
72 542
72 557
72 575
72 610
72 626
72 644
72 685
72 745
72 751
72 767
72 777
72 790
72 795
72 802
72 810
72 834
72 851
72 870
72 918
72 928
72 942
72 1011
72 1034
72 1061
72 1080
72 1095
72 1118
72 1137
72 1188
72 1210
72 1251
72 1276
72 1282
72 1298
72 1304
72 1319
72 1344
72 1425
72 1459
72 1491
72 1525
73 76
73 108
73 255
73 354
73 378
73 393
73 450
73 455
73 495
73 517
73 545
73 552
73 607
73 613
73 628
73 687
73 725
73 742
73 754
73 779
73 790
73 792
73 803
73 847
73 873
73 918
73 973
73 999
73 1014
73 1055
73 1068
73 1110
73 1189
73 1234
73 1333
73 1364
73 1389
73 1416
73 1484
73 1591
73 1751
74 73
74 101
74 122
74 385
74 402
74 428
74 455
74 485
74 510
74 527
74 540
74 561
74 623
74 643
74 693
74 732
74 756
74 768
74 772
74 797
74 803
74 816
74 821
74 850
74 909
74 926
74 949
74 1004
74 1028
74 1036
74 1049
74 1053
74 1062
74 1072
74 1083
74 1103
74 1120
74 1139
74 1177
74 1193
74 1263
74 1287
74 1312
74 1388
74 1421
74 1455
74 1509
74 1529
74 1644
75 225
75 254
75 267
75 356
75 383
75 391
75 406
75 411
75 448
75 459
75 494
75 511
75 546
75 618
75 625
75 746
75 757
75 764
75 774
75 788
75 800
75 807
75 812
75 839
75 851
75 875
75 912
75 940
75 993
75 1023
75 1043
75 1065
75 1101
75 1188
75 1238
75 1345
75 1361
75 1381
75 1420
75 1563
75 1808
76 55
76 106
76 174
76 378
76 398
76 405
76 411
76 457
76 494
76 542
76 578
76 621
76 636
76 687
76 726
76 759
76 775
76 802
76 848
76 878
76 913
76 973
76 1006
76 1023
76 1091
76 1110
76 1124
76 1134
76 1172
76 1203
76 1307
76 1338
76 1385
76 1428
76 1454
76 1475
76 1493
76 1521
76 1696
76 1739
76 1843
77 100
77 318
77 370
77 381
77 397
77 415
77 448
77 455
77 490
77 492
77 527
77 602
77 619
77 627
77 725
77 748
77 790
77 805
77 829
77 830
77 869
77 913
77 949
77 1040
77 1070
77 1099
77 1113
77 1173
77 1196
77 1262
77 1294
77 1378
77 1419
77 1455
78 382
78 412
78 450
78 508
78 546
78 562
78 628
78 641
78 685
78 703
78 764
78 793
78 860
78 878
78 917
78 927
78 973
78 1007
78 1059
78 1074
78 1106
78 1128
78 1181
78 1239
78 1307
78 1335
78 1370
78 1382
78 1428
78 1464
78 1488
78 1505
78 1524
78 1541
78 1623
79 225
79 283
79 358
79 372
79 393
79 404
79 419
79 437
79 442
79 459
79 494
79 527
79 626
79 682
79 705
79 739
79 833
79 854
79 910
79 920
79 945
79 978
79 1042
79 1090
79 1116
79 1150
79 1179
79 1263
79 1379
79 1414
79 1452
79 1461
79 1682
79 1789
80 127
80 166
80 389
80 420
80 460
80 499
80 512
80 525
80 535
80 548
80 563
80 613
80 621
80 646
80 815
80 837
80 877
80 923
80 941
80 1101
80 1129
80 1185
80 1196
80 1221
80 1325
80 1339
80 1371
80 1386
80 1428
80 1456
80 1467
80 1489
80 1524
80 1830
81 55
81 373
81 385
81 402
81 416
81 456
81 499
81 510
81 534
81 541
81 559
81 608
81 629
81 698
81 741
81 764
81 788
81 863
81 879
81 906
81 926
81 973
81 992
81 1039
81 1083
81 1105
81 1121
81 1141
81 1176
81 1251
81 1275
81 1280
81 1291
81 1301
81 1316
81 1323
81 1355
81 1378
81 1418
81 1454
81 1466
81 1511
81 1598
81 1760
82 94
82 263
82 354
82 388
82 411
82 446
82 457
82 491
82 516
82 534
82 569
82 622
82 641
82 726
82 731
82 747
82 752
82 768
82 777
82 780
82 799
82 802
82 817
82 823
82 843
82 852
82 913
82 924
82 946
82 1109
82 1126
82 1185
82 1202
82 1243
82 1259
82 1264
82 1284
82 1304
82 1339
82 1377
82 1424
82 1451
82 1463
82 1496
82 1521
83 215
83 384
83 404
83 418
83 450
83 491
83 519
83 533
83 566
83 625
83 684
83 728
83 744
83 753
83 766
83 782
83 796
83 807
83 819
83 837
83 872
83 913
83 984
83 1010
83 1056
83 1081
83 1110
83 1129
83 1143
83 1178
83 1237
83 1265
83 1306
83 1320
83 1331
83 1364
83 1397
83 1429
83 1454
83 1469
83 1495
83 1633
83 1675
83 1731
84 28
84 378
84 399
84 415
84 444
84 458
84 492
84 520
84 556
84 563
84 625
84 632
84 714
84 736
84 756
84 773
84 794
84 801
84 821
84 830
84 855
84 876
84 903
84 928
84 943
84 1005
84 1023
84 1031
84 1042
84 1057
84 1070
84 1095
84 1123
84 1187
84 1208
84 1270
84 1304
84 1313
84 1325
84 1387
84 1417
84 1456
84 1469
84 1526
84 1565
85 156
85 320
85 359
85 374
85 408
85 416
85 456
85 492
85 524
85 554
85 593
85 614
85 629
85 642
85 718
85 730
85 786
85 826
85 903
85 928
85 975
85 994
85 1019
85 1094
85 1113
85 1121
85 1172
85 1196
85 1259
85 1278
85 1296
85 1306
85 1313
85 1345
85 1379
85 1416
85 1420
85 1457
85 1466
85 1497
85 1802
85 1842
86 199
86 253
86 381
86 397
86 416
86 452
86 470
86 492
86 510
86 538
86 564
86 629
86 686
86 709
86 752
86 760
86 785
86 806
86 810
86 832
86 850
86 877
86 922
86 948
86 993
86 1047
86 1062
86 1073
86 1095
86 1123
86 1149
86 1188
86 1237
86 1272
86 1304
86 1311
86 1324
86 1336
86 1371
86 1384
86 1458
86 1463
86 1509
86 1528
86 1617
86 1717
87 80
87 361
87 384
87 405
87 414
87 448
87 451
87 492
87 523
87 585
87 624
87 641
87 736
87 752
87 769
87 771
87 784
87 802
87 814
87 847
87 915
87 925
87 977
87 1022
87 1049
87 1069
87 1080
87 1117
87 1126
87 1179
87 1185
87 1204
87 1230
87 1265
87 1307
87 1319
87 1351
87 1377
87 1419
87 1428
87 1452
87 1461
87 1496
88 131
88 386
88 394
88 401
88 411
88 424
88 454
88 467
88 503
88 523
88 553
88 564
88 614
88 628
88 719
88 732
88 760
88 770
88 784
88 798
88 805
88 819
88 830
88 850
88 878
88 902
88 927
88 941
88 1002
88 1029
88 1057
88 1074
88 1103
88 1127
88 1147
88 1198
88 1267
88 1278
88 1288
88 1299
88 1312
88 1325
88 1332
88 1378
88 1426
88 1459
88 1479
88 1522
88 1530
88 1555
88 1773
89 112
89 300
89 363
89 371
89 381
89 391
89 400
89 413
89 445
89 499
89 520
89 546
89 555
89 582
89 624
89 645
89 692
89 758
89 764
89 789
89 794
89 808
89 909
89 923
89 973
89 1007
89 1040
89 1068
89 1097
89 1107
89 1128
89 1178
89 1187
89 1235
89 1259
89 1312
89 1353
89 1378
89 1396
89 1419
89 1451
89 1473
89 1506
89 1521
89 1672
90 45
90 233
90 369
90 389
90 396
90 403
90 413
90 427
90 453
90 466
90 491
90 517
90 552
90 562
90 616
90 634
90 687
90 737
90 757
90 768
90 772
90 785
90 805
90 815
90 834
90 854
90 877
90 914
90 926
90 945
90 1018
90 1046
90 1078
90 1081
90 1114
90 1125
90 1148
90 1181
90 1203
90 1271
90 1298
90 1312
90 1330
90 1339
90 1373
90 1420
90 1499
90 1525
90 1598
90 1707
90 1839
91 183
91 366
91 380
91 383
91 396
91 404
91 411
91 442
91 516
91 538
91 550
91 554
91 572
91 620
91 636
91 736
91 759
91 762
91 789
91 792
91 805
91 819
91 837
91 878
91 911
91 930
91 1001
91 1042
91 1061
91 1073
91 1109
91 1122
91 1182
91 1236
91 1274
91 1316
91 1324
91 1370
91 1403
91 1425
91 1455
91 1489
91 1497
91 1512
91 1529
91 1644
91 1751
92 95
92 282
92 355
92 369
92 375
92 386
92 396
92 406
92 415
92 424
92 460
92 469
92 498
92 533
92 543
92 553
92 567
92 587
92 613
92 628
92 646
92 681
92 725
92 769
92 772
92 792
92 802
92 811
92 860
92 865
92 902
92 930
92 944
92 966
92 1006
92 1056
92 1072
92 1095
92 1113
92 1126
92 1179
92 1184
92 1205
92 1251
92 1276
92 1294
92 1315
92 1331
92 1380
92 1423
92 1433
92 1493
92 1508
92 1517
92 1521
92 1538
92 1813
93 358
93 369
93 380
93 384
93 402
93 416
93 421
93 449
93 456
93 492
93 514
93 522
93 533
93 548
93 619
93 627
93 678
93 712
93 746
93 758
93 761
93 779
93 784
93 794
93 804
93 839
93 860
93 898
93 917
93 928
93 1006
93 1023
93 1044
93 1067
93 1075
93 1107
93 1129
93 1143
93 1189
93 1202
93 1267
93 1295
93 1319
93 1324
93 1348
93 1360
93 1384
93 1418
93 1468
93 1487
93 1499
93 1507
93 1525
94 38
94 156
94 233
94 366
94 378
94 384
94 390
94 408
94 414
94 422
94 457
94 469
94 508
94 536
94 548
94 559
94 575
94 622
94 635
94 643
94 698
94 721
94 759
94 768
94 771
94 794
94 801
94 810
94 824
94 850
94 870
94 917
94 928
94 949
94 1009
94 1027
94 1046
94 1069
94 1073
94 1103
94 1126
94 1175
94 1185
94 1236
94 1312
94 1339
94 1347
94 1376
94 1412
94 1428
94 1456
94 1475
94 1481
94 1491
94 1502
94 1517
94 1527
94 1540
94 1578
95 351
95 365
95 376
95 386
95 395
95 407
95 429
95 445
95 461
95 484
95 505
95 522
95 550
95 579
95 612
95 627
95 742
95 753
95 764
95 775
95 788
95 791
95 802
95 847
95 904
95 921
95 992
95 1012
95 1045
95 1059
95 1065
95 1079
95 1101
95 1118
95 1120
95 1169
95 1188
95 1210
95 1261
95 1277
95 1289
95 1294
95 1310
95 1316
95 1320
95 1332
95 1380
95 1414
95 1444
95 1465
95 1474
95 1489
95 1499
95 1507
95 1517
95 1543
95 1633
95 1701
95 1751
96 86
96 201
96 348
96 369
96 384
96 399
96 403
96 416
96 421
96 440
96 455
96 466
96 500
96 507
96 531
96 564
96 613
96 633
96 728
96 750
96 768
96 779
96 786
96 809
96 820
96 844
96 864
96 871
96 911
96 929
96 941
96 974
96 1008
96 1048
96 1058
96 1062
96 1070
96 1085
96 1125
96 1136
96 1175
96 1188
96 1253
96 1264
96 1273
96 1283
96 1296
96 1305
96 1341
96 1358
96 1376
96 1397
96 1417
96 1424
96 1439
96 1454
96 1479
96 1489
96 1503
96 1540
96 1542
96 1558
97 136
97 291
97 342
97 359
97 361
97 371
97 385
97 398
97 402
97 419
97 422
97 435
97 440
97 459
97 469
97 472
97 490
97 501
97 539
97 555
97 582
97 604
97 614
97 625
97 648
97 680
97 697
97 701
97 719
97 728
97 743
97 758
97 772
97 800
97 804
97 814
97 830
97 855
97 900
97 926
97 943
97 1002
97 1032
97 1048
97 1053
97 1066
97 1100
97 1117
97 1127
97 1167
97 1180
97 1201
97 1236
97 1242
97 1327
97 1350
97 1359
97 1374
97 1381
97 1414
97 1426
97 1433
97 1445
97 1465
97 1475
97 1489
97 1502
97 1528
97 1542
97 1674
97 1804
97 1842
98 39
98 349
98 357
98 364
98 383
98 395
98 405
98 414
98 428
98 443
98 456
98 464
98 476
98 486
98 501
98 512
98 522
98 536
98 568
98 578
98 595
98 628
98 641
98 683
98 697
98 708
98 724
98 752
98 761
98 774
98 789
98 792
98 805
98 813
98 863
98 877
98 912
98 922
98 930
98 1016
98 1035
98 1049
98 1058
98 1069
98 1078
98 1089
98 1108
98 1128
98 1135
98 1190
98 1252
98 1262
98 1275
98 1290
98 1301
98 1318
98 1329
98 1336
98 1342
98 1354
98 1382
98 1406
98 1418
98 1423
98 1454
98 1485
98 1498
98 1524
98 1559
98 1563
98 1613
99 269
99 332
99 350
99 366
99 374
99 382
99 395
99 403
99 425
99 445
99 454
99 466
99 472
99 495
99 514
99 540
99 543
99 559
99 568
99 574
99 612
99 628
99 633
99 688
99 696
99 709
99 729
99 745
99 750
99 765
99 778
99 781
99 794
99 806
99 833
99 844
99 852
99 902
99 915
99 925
99 987
99 1042
99 1068
99 1113
99 1125
99 1170
99 1171
99 1188
99 1195
99 1243
99 1251
99 1272
99 1287
99 1290
99 1302
99 1326
99 1343
99 1356
99 1370
99 1386
99 1401
99 1435
99 1454
99 1472
99 1488
99 1519
99 1546
99 1557
99 1748
100 182
100 337
100 344
100 359
100 377
100 389
100 410
100 413
100 425
100 431
100 467
100 489
100 494
100 502
100 512
100 523
100 538
100 565
100 577
100 581
100 599
100 612
100 629
100 636
100 641
100 686
100 692
100 708
100 727
100 736
100 759
100 770
100 792
100 806
100 824
100 837
100 860
100 864
100 875
100 914
100 929
100 935
100 947
100 1030
100 1045
100 1100
100 1118
100 1121
100 1134
100 1171
100 1185
100 1237
100 1242
100 1258
100 1260
100 1273
100 1294
100 1317
100 1329
100 1331
100 1343
100 1365
100 1372
100 1382
100 1424
100 1448
100 1466
100 1504
100 1538
100 1551
100 1569
101 84
101 122
101 235
101 333
101 344
101 354
101 370
101 373
101 389
101 396
101 404
101 416
101 425
101 436
101 460
101 468
101 488
101 499
101 509
101 512
101 521
101 540
101 546
101 560
101 561
101 574
101 583
101 604
101 622
101 634
101 642
101 690
101 691
101 711
101 723
101 735
101 744
101 753
101 766
101 771
101 785
101 792
101 805
101 814
101 825
101 840
101 858
101 868
101 904
101 911
101 927
101 974
101 1022
101 1061
101 1085
101 1102
101 1127
101 1170
101 1176
101 1184
101 1203
101 1235
101 1241
101 1262
101 1289
101 1295
101 1301
101 1320
101 1328
101 1333
101 1356
101 1368
101 1380
101 1382
101 1403
101 1437
101 1459
101 1472
101 1497
101 1531
101 1552
101 1589
101 1676
101 1793
102 37
102 339
102 345
102 362
102 370
102 386
102 409
102 419
102 438
102 441
102 460
102 465
102 484
102 491
102 510
102 514
102 525
102 532
102 550
102 552
102 566
102 574
102 587
102 592
102 609
102 626
102 632
102 642
102 667
102 695
102 709
102 729
102 741
102 752
102 779
102 799
102 815
102 828
102 838
102 844
102 859
102 865
102 871
102 902
102 916
102 925
102 936
102 944
102 988
102 1010
102 1096
102 1111
102 1127
102 1139
102 1173
102 1180
102 1201
102 1224
102 1243
102 1260
102 1314
102 1329
102 1343
102 1355
102 1361
102 1376
102 1386
102 1417
102 1426
102 1440
102 1488
102 1521
102 1542
102 1553
102 1720
103 176
103 331
103 343
103 355
103 362
103 380
103 384
103 397
103 404
103 417
103 429
103 440
103 447
103 451
103 463
103 471
103 485
103 504
103 517
103 521
103 539
103 545
103 551
103 567
103 573
103 587
103 591
103 609
103 621
103 638
103 642
103 653
103 683
103 698
103 705
103 715
103 735
103 748
103 760
103 766
103 779
103 783
103 798
103 810
103 813
103 839
103 853
103 865
103 902
103 915
103 923
103 945
103 987
103 990
103 1020
103 1036
103 1040
103 1060
103 1071
103 1087
103 1108
103 1120
103 1129
103 1136
103 1155
103 1167
103 1172
103 1183
103 1192
103 1291
103 1306
103 1311
103 1322
103 1333
103 1349
103 1350
103 1395
103 1415
103 1459
103 1478
103 1508
103 1513
103 1539
103 1552
103 1644
103 1849
104 287
104 331
104 356
104 369
104 372
104 386
104 397
104 411
104 422
104 434
104 444
104 465
104 485
104 492
104 507
104 534
104 549
104 552
104 573
104 580
104 592
104 602
104 614
104 622
104 640
104 644
104 653
104 684
104 696
104 708
104 717
104 724
104 737
104 766
104 773
104 781
104 795
104 820
104 837
104 847
104 855
104 867
104 888
104 892
104 913
104 928
104 937
104 948
104 951
104 980
104 993
104 1015
104 1063
104 1108
104 1112
104 1125
104 1138
104 1173
104 1183
104 1193
104 1216
104 1248
104 1268
104 1272
104 1289
104 1298
104 1309
104 1318
104 1323
104 1365
104 1380
104 1382
104 1440
104 1443
104 1462
104 1520
104 1533
104 1544
104 1552
104 1773
105 87
105 232
105 345
105 355
105 362
105 386
105 393
105 410
105 411
105 426
105 444
105 457
105 466
105 478
105 494
105 505
105 516
105 521
105 532
105 564
105 581
105 619
105 622
105 639
105 648
105 656
105 662
105 673
105 681
105 692
105 708
105 714
105 729
105 733
105 744
105 762
105 784
105 801
105 819
105 820
105 832
105 840
105 858
105 869
105 884
105 905
105 911
105 921
105 939
105 971
105 982
105 1006
105 1056
105 1067
105 1095
105 1104
105 1111
105 1125
105 1131
105 1150
105 1160
105 1175
105 1184
105 1193
105 1210
105 1213
105 1226
105 1238
105 1245
105 1259
105 1269
105 1275
105 1288
105 1291
105 1308
105 1338
105 1342
105 1351
105 1414
105 1423
105 1489
105 1500
105 1516
105 1528
106 140
106 359
106 366
106 374
106 388
106 403
106 418
106 429
106 435
106 447
106 455
106 467
106 479
106 483
106 497
106 520
106 530
106 542
106 557
106 560
106 588
106 609
106 634
106 664
106 679
106 686
106 691
106 703
106 713
106 727
106 736
106 743
106 752
106 773
106 783
106 794
106 800
106 814
106 826
106 838
106 843
106 857
106 861
106 872
106 881
106 912
106 923
106 933
106 940
106 953
106 998
106 1011
106 1022
106 1032
106 1042
106 1056
106 1072
106 1085
106 1090
106 1109
106 1117
106 1129
106 1135
106 1150
106 1178
106 1181
106 1214
106 1230
106 1243
106 1259
106 1262
106 1276
106 1310
106 1328
106 1374
106 1390
106 1405
106 1425
106 1479
106 1500
106 1509
106 1524
106 1550
106 1583
106 1822
107 354
107 361
107 382
107 397
107 402
107 420
107 435
107 451
107 462
107 487
107 499
107 505
107 513
107 531
107 560
107 568
107 577
107 590
107 618
107 633
107 657
107 692
107 708
107 713
107 722
107 732
107 745
107 756
107 763
107 780
107 787
107 798
107 810
107 814
107 828
107 832
107 849
107 857
107 872
107 886
107 906
107 916
107 930
107 939
107 944
107 974
107 988
107 1018
107 1026
107 1036
107 1047
107 1052
107 1065
107 1075
107 1087
107 1099
107 1110
107 1118
107 1127
107 1132
107 1169
107 1173
107 1205
107 1283
107 1292
107 1360
107 1366
107 1373
107 1398
107 1419
107 1452
107 1469
107 1482
107 1497
107 1511
107 1630
107 1687
107 1724
108 24
108 63
108 176
108 376
108 391
108 411
108 427
108 434
108 449
108 450
108 465
108 471
108 482
108 497
108 509
108 517
108 522
108 533
108 553
108 587
108 593
108 604
108 623
108 650
108 668
108 695
108 702
108 713
108 726
108 740
108 746
108 756
108 767
108 777
108 783
108 794
108 800
108 818
108 828
108 834
108 841
108 855
108 867
108 873
108 886
108 892
108 912
108 933
108 948
108 960
108 967
108 980
108 996
108 1010
108 1011
108 1032
108 1053
108 1071
108 1089
108 1091
108 1104
108 1115
108 1146
108 1179
108 1195
108 1237
108 1259
108 1267
108 1325
108 1337
108 1347
108 1351
108 1375
108 1448
108 1464
108 1480
108 1481
108 1501
108 1529
109 212
109 271
109 316
109 362
109 372
109 395
109 402
109 419
109 424
109 435
109 459
109 467
109 475
109 484
109 498
109 513
109 535
109 548
109 556
109 562
109 580
109 582
109 606
109 626
109 631
109 648
109 679
109 683
109 707
109 717
109 727
109 732
109 749
109 755
109 769
109 773
109 787
109 798
109 803
109 816
109 823
109 839
109 846
109 852
109 864
109 871
109 894
109 915
109 921
109 940
109 945
109 964
109 981
109 997
109 1003
109 1013
109 1025
109 1034
109 1056
109 1065
109 1077
109 1084
109 1090
109 1103
109 1113
109 1147
109 1211
109 1234
109 1285
109 1295
109 1301
109 1317
109 1326
109 1340
109 1379
109 1400
109 1421
109 1441
109 1458
109 1472
109 1510
109 1764
110 120
110 360
110 386
110 391
110 414
110 423
110 441
110 451
110 473
110 486
110 492
110 507
110 520
110 525
110 538
110 541
110 565
110 574
110 597
110 613
110 639
110 653
110 669
110 687
110 710
110 731
110 756
110 778
110 794
110 815
110 828
110 834
110 848
110 872
110 889
110 911
110 926
110 957
110 1000
110 1007
110 1015
110 1021
110 1038
110 1050
110 1057
110 1065
110 1080
110 1106
110 1120
110 1152
110 1178
110 1190
110 1230
110 1248
110 1267
110 1279
110 1284
110 1290
110 1314
110 1383
110 1416
110 1432
110 1442
110 1452
110 1473
110 1500
110 1508
110 1530
110 1546
111 363
111 372
111 390
111 408
111 418
111 430
111 450
111 456
111 466
111 470
111 485
111 508
111 526
111 540
111 551
111 576
111 580
111 597
111 601
111 619
111 626
111 635
111 652
111 680
111 708
111 725
111 739
111 745
111 770
111 788
111 806
111 826
111 863
111 1030
111 1048
111 1065
111 1083
111 1102
111 1142
111 1195
111 1212
111 1225
111 1245
111 1269
111 1292
111 1342
111 1364
111 1393
111 1405
111 1415
111 1420
111 1446
111 1462
111 1499
111 1593
111 1637
111 1689
111 1806
111 1842
112 157
112 251
112 380
112 395
112 401
112 424
112 442
112 467
112 488
112 490
112 506
112 512
112 527
112 534
112 543
112 557
112 563
112 579
112 582
112 601
112 615
112 622
112 636
112 648
112 657
112 663
112 673
112 693
112 708
112 725
112 768
112 790
112 804
112 813
112 839
112 840
112 852
112 862
112 890
112 894
112 908
112 913
112 929
112 936
112 950
112 951
112 962
112 972
112 984
112 991
112 1006
112 1014
112 1038
112 1052
112 1139
112 1150
112 1167
112 1172
112 1188
112 1205
112 1224
112 1233
112 1250
112 1336
112 1355
112 1375
112 1383
112 1396
112 1413
112 1433
112 1467
112 1485
112 1506
112 1516
112 1524
112 1735
113 61
113 201
113 372
113 407
113 415
113 442
113 463
113 479
113 482
113 508
113 512
113 527
113 531
113 557
113 570
113 573
113 588
113 598
113 608
113 616
113 633
113 659
113 679
113 686
113 692
113 702
113 711
113 727
113 731
113 744
113 756
113 766
113 782
113 809
113 1085
113 1094
113 1110
113 1113
113 1128
113 1133
113 1151
113 1180
113 1198
113 1219
113 1281
113 1291
113 1301
113 1325
113 1339
113 1348
113 1361
113 1380
113 1396
113 1420
113 1438
113 1470
113 1498
114 16
114 102
114 324
114 384
114 418
114 426
114 433
114 462
114 476
114 497
114 503
114 528
114 533
114 549
114 555
114 563
114 589
114 604
114 611
114 626
114 637
114 643
114 658
114 661
114 672
114 682
114 691
114 702
114 724
114 734
114 753
114 764
114 775
114 790
114 799
114 810
114 814
114 828
114 839
114 847
114 859
114 861
114 874
114 885
114 896
114 906
114 911
114 929
114 933
114 949
114 952
114 968
114 976
114 988
114 997
114 1009
114 1014
114 1027
114 1031
114 1050
114 1052
114 1062
114 1078
114 1088
114 1109
114 1124
114 1147
114 1166
114 1190
114 1256
114 1269
114 1288
114 1309
114 1319
114 1328
114 1335
114 1359
114 1381
114 1408
114 1439
114 1469
114 1483
114 1503
114 1523
114 1787
115 390
115 420
115 421
115 453
115 462
115 497
115 505
115 514
115 529
115 532
115 559
115 580
115 590
115 591
115 608
115 617
115 638
115 640
115 652
115 667
115 675
115 695
115 713
115 729
115 732
115 756
115 765
115 781
115 807
115 830
115 841
115 863
115 888
115 914
115 934
115 955
115 975
115 993
115 1014
115 1031
115 1047
115 1067
115 1088
115 1103
115 1126
115 1204
115 1226
115 1231
115 1253
115 1275
115 1284
115 1293
115 1312
115 1350
115 1354
115 1368
115 1381
115 1438
115 1469
115 1502
115 1587
116 257
116 301
116 384
116 431
116 462
116 545
116 552
116 564
116 589
116 608
116 621
116 650
116 660
116 684
116 696
116 709
116 716
116 728
116 748
116 760
116 769
116 783
116 792
116 801
116 825
116 835
116 863
116 870
116 897
116 915
116 950
116 971
116 1007
116 1152
116 1179
116 1196
116 1217
116 1231
116 1248
116 1252
116 1261
116 1274
116 1292
116 1314
116 1338
116 1340
116 1384
116 1396
116 1432
116 1449
116 1499
116 1504
116 1514
116 1667
116 1701
116 1836
117 60
117 159
117 209
117 383
117 434
117 453
117 460
117 506
117 539
117 555
117 579
117 588
117 604
117 611
117 627
117 632
117 642
117 651
117 668
117 670
117 683
117 693
117 714
117 732
117 743
117 762
117 780
117 787
117 801
117 825
117 850
117 860
117 864
117 874
117 895
117 907
117 916
117 927
117 933
117 943
117 954
117 965
117 980
117 988
117 991
117 1005
117 1026
117 1030
117 1053
117 1077
117 1100
117 1105
117 1118
117 1129
117 1132
117 1144
117 1161
117 1174
117 1184
117 1198
117 1210
117 1213
117 1223
117 1232
117 1252
117 1288
117 1299
117 1305
117 1326
117 1378
117 1429
117 1493
117 1628
118 397
118 424
118 450
118 475
118 514
118 528
118 561
118 599
118 619
118 632
118 657
118 662
118 682
118 709
118 715
118 722
118 730
118 747
118 764
118 781
118 790
118 806
118 818
118 830
118 837
118 857
118 875
118 897
118 909
118 921
118 939
118 944
118 950
118 960
118 978
118 986
118 992
118 1010
118 1015
118 1021
118 1033
118 1040
118 1051
118 1062
118 1078
118 1088
118 1099
118 1108
118 1113
118 1127
118 1139
118 1150
118 1156
118 1164
118 1185
118 1198
118 1210
118 1233
118 1252
118 1273
118 1352
118 1371
118 1392
118 1436
118 1458
118 1487
118 1502
118 1555
118 1778
119 125
119 366
119 431
119 455
119 466
119 480
119 500
119 551
119 589
119 619
119 641
119 655
119 668
119 681
119 695
119 703
119 717
119 731
119 758
119 765
119 771
119 786
119 801
119 814
119 826
119 840
119 850
119 863
119 874
119 887
119 897
119 905
119 928
119 938
119 947
119 963
119 977
119 982
119 995
119 1006
119 1018
119 1025
119 1033
119 1040
119 1055
119 1061
119 1070
119 1093
119 1105
119 1116
119 1131
119 1158
119 1166
119 1183
119 1214
119 1302
119 1335
119 1372
119 1398
119 1430
119 1448
119 1751
120 450
120 488
120 505
120 530
120 550
120 574
120 599
120 632
120 678
120 691
120 719
120 738
120 748
120 760
120 783
120 799
120 819
120 834
120 851
120 861
120 888
120 901
120 927
120 934
120 949
120 963
120 987
120 1008
120 1025
120 1042
120 1060
120 1070
120 1084
120 1098
120 1111
120 1144
120 1182
120 1196
120 1200
120 1248
120 1264
120 1290
120 1326
120 1359
120 1360
120 1389
120 1409
120 1416
120 1461
120 1502
120 1531
120 1608
120 1833
121 49
121 200
121 259
121 290
121 332
121 436
121 452
121 516
121 539
121 549
121 567
121 570
121 612
121 640
121 650
121 693
121 762
121 783
121 805
121 814
121 826
121 835
121 840
121 851
121 870
121 883
121 896
121 906
121 915
121 920
121 934
121 950
121 964
121 978
121 983
121 993
121 1005
121 1029
121 1035
121 1042
121 1061
121 1081
121 1112
121 1134
121 1162
121 1182
121 1196
121 1234
121 1286
121 1309
121 1320
121 1340
121 1354
121 1381
121 1402
121 1438
121 1677
121 1717
122 82
122 432
122 444
122 486
122 564
122 576
122 582
122 614
122 634
122 651
122 662
122 712
122 729
122 739
122 741
122 850
122 877
122 905
122 945
122 966
122 1012
122 1100
122 1122
122 1208
122 1262
122 1293
122 1330
122 1386
122 1445
123 431
123 478
123 546
123 558
123 567
123 580
123 596
123 623
123 641
123 705
123 760
123 788
123 807
123 832
123 859
123 873
123 938
123 942
123 980
123 1008
123 1054
123 1071
123 1085
123 1102
123 1120
123 1134
123 1187
123 1193
123 1202
123 1258
123 1271
123 1291
123 1315
123 1386
123 1427
123 1440
123 1826
124 134
124 176
124 237
124 381
124 445
124 474
124 480
124 555
124 572
124 598
124 615
124 634
124 644
124 665
124 739
124 759
124 825
124 857
124 877
124 891
124 920
124 936
124 952
124 1030
124 1044
124 1091
124 1120
124 1133
124 1204
124 1244
124 1267
124 1318
124 1338
124 1386
124 1399
124 1512
124 1591
124 1656
124 1787
125 430
125 472
125 533
125 552
125 573
125 591
125 621
125 645
125 661
125 714
125 731
125 781
125 803
125 824
125 857
125 872
125 934
125 950
125 1007
125 1029
125 1053
125 1070
125 1096
125 1119
125 1131
125 1182
125 1200
125 1204
125 1225
125 1245
125 1262
125 1283
125 1313
125 1389
125 1432
125 1565
125 1760
126 30
126 63
126 295
126 481
126 497
126 559
126 575
126 585
126 593
126 624
126 641
126 657
126 669
126 696
126 707
126 717
126 747
126 768
126 787
126 848
126 874
126 923
126 958
126 1035
126 1056
126 1087
126 1130
126 1133
126 1173
126 1200
126 1233
126 1260
126 1269
126 1308
126 1387
126 1456
126 1704
127 124
127 341
127 477
127 582
127 612
127 621
127 635
127 659
127 684
127 707
127 733
127 742
127 758
127 785
127 808
127 816
127 827
127 849
127 874
127 896
127 923
127 944
127 1019
127 1036
127 1065
127 1084
127 1104
127 1120
127 1143
127 1164
127 1186
127 1209
127 1223
127 1239
127 1249
127 1262
127 1295
127 1396
127 1509
127 1641
128 375
128 565
128 588
128 594
128 606
128 618
128 632
128 649
128 659
128 684
128 707
128 744
128 778
128 796
128 834
128 855
128 860
128 872
128 887
128 907
128 912
128 930
128 945
128 951
128 967
128 972
128 985
128 1003
128 1013
128 1022
128 1037
128 1060
128 1086
128 1100
128 1117
128 1128
128 1136
128 1146
128 1177
128 1198
128 1205
128 1229
128 1232
128 1244
128 1262
128 1281
128 1304
128 1389
128 1431
128 1831
129 213
129 281
129 437
129 568
129 574
129 588
129 634
129 645
129 655
129 661
129 672
129 696
129 719
129 745
129 757
129 776
129 815
129 826
129 839
129 842
129 853
129 878
129 903
129 916
129 957
129 975
129 993
129 1085
129 1104
129 1122
129 1148
129 1175
129 1195
129 1208
129 1218
129 1227
129 1234
129 1241
129 1251
129 1269
129 1279
129 1289
129 1291
129 1306
129 1562
129 1755
130 176
130 248
130 529
130 600
130 622
130 633
130 658
130 671
130 687
130 707
130 738
130 751
130 776
130 820
130 835
130 845
130 854
130 866
130 872
130 880
130 898
130 936
130 963
130 981
130 1058
130 1129
130 1148
130 1161
130 1198
130 1214
130 1235
130 1257
130 1266
130 1278
130 1282
130 1298
130 1312
130 1332
130 1622
130 1817
131 47
131 96
131 342
131 476
131 576
131 584
131 630
131 649
131 654
131 666
131 695
131 736
131 751
131 778
131 801
131 815
131 840
131 865
131 873
131 889
131 901
131 923
131 951
131 963
131 978
131 989
131 1014
131 1053
131 1125
131 1147
131 1172
131 1189
131 1198
131 1214
131 1237
131 1253
131 1269
131 1274
131 1294
131 1319
131 1363
131 1416
131 1500
131 1691
132 125
132 410
132 594
132 622
132 640
132 646
132 684
132 707
132 712
132 740
132 750
132 821
132 834
132 844
132 879
132 885
132 895
132 925
132 952
132 963
132 983
132 1092
132 1147
132 1160
132 1172
132 1198
132 1216
132 1231
132 1252
132 1269
132 1274
132 1289
132 1302
132 1728
133 586
133 592
133 622
133 632
133 658
133 663
133 683
133 705
133 732
133 746
133 759
133 775
133 784
133 796
133 802
133 816
133 841
133 857
133 875
133 900
133 921
133 950
133 966
133 1004
133 1049
133 1065
133 1129
133 1132
133 1140
133 1170
133 1197
133 1208
133 1213
133 1233
133 1252
133 1278
133 1283
133 1333
133 1463
133 1545
133 1614
134 172
134 227
134 283
134 325
134 451
134 516
134 587
134 593
134 641
134 658
134 661
134 678
134 696
134 705
134 713
134 736
134 749
134 752
134 779
134 783
134 795
134 802
134 816
134 829
134 835
134 855
134 866
134 874
134 885
134 916
134 939
134 953
134 965
134 999
134 1093
134 1103
134 1113
134 1126
134 1139
134 1169
134 1171
134 1188
134 1192
134 1227
134 1247
134 1251
134 1277
134 1302
134 1677
134 1795
135 586
135 598
135 626
135 631
135 648
135 663
135 677
135 694
135 705
135 717
135 721
135 736
135 748
135 754
135 766
135 780
135 784
135 793
135 807
135 810
135 827
135 832
135 843
135 853
135 864
135 877
135 890
135 900
135 913
135 934
135 959
135 981
135 1064
135 1076
135 1089
135 1091
135 1101
135 1113
135 1142
135 1152
135 1169
135 1223
135 1247
135 1270
135 1403
135 1580
135 1842
136 69
136 100
136 589
136 591
136 636
136 653
136 667
136 675
136 681
136 693
136 701
136 717
136 729
136 752
136 781
136 794
136 803
136 825
136 834
136 850
136 862
136 871
136 886
136 899
136 907
136 911
136 924
136 940
136 946
136 956
136 964
136 973
136 988
136 1005
136 1054
136 1069
136 1071
136 1096
136 1117
136 1128
136 1138
136 1140
136 1219
136 1225
136 1240
136 1251
136 1262
136 1272
136 1305
136 1524
136 1770
137 35
137 164
137 377
137 563
137 598
137 621
137 634
137 658
137 669
137 687
137 704
137 720
137 746
137 756
137 775
137 790
137 791
137 812
137 825
137 835
137 843
137 851
137 862
137 879
137 897
137 911
137 926
137 939
137 945
137 956
137 961
137 985
137 1055
137 1062
137 1089
137 1098
137 1117
137 1191
137 1217
137 1226
137 1242
137 1261
137 1285
137 1455
137 1655
138 281
138 435
138 505
138 647
138 670
138 682
138 697
138 710
138 717
138 760
138 775
138 794
138 820
138 831
138 855
138 870
138 890
138 899
138 910
138 911
138 928
138 935
138 950
138 951
138 960
138 985
138 1015
138 1040
138 1053
138 1067
138 1074
138 1087
138 1104
138 1162
138 1174
138 1195
138 1227
138 1248
138 1257
138 1277
138 1382
138 1750
139 224
139 333
139 419
139 638
139 645
139 652
139 679
139 750
139 759
139 772
139 874
139 898
139 903
139 916
139 922
139 944
139 960
139 965
139 972
139 982
139 996
139 1003
139 1012
139 1033
139 1066
139 1136
139 1152
139 1169
139 1200
139 1230
139 1252
139 1277
139 1346
139 1501
139 1589
139 1716
139 1836
140 149
140 259
140 480
140 600
140 649
140 669
140 689
140 691
140 708
140 711
140 757
140 769
140 787
140 796
140 810
140 811
140 859
140 881
140 908
140 913
140 936
140 946
140 952
140 963
140 979
140 1001
140 1036
140 1059
140 1073
140 1102
140 1127
140 1137
140 1153
140 1176
140 1203
140 1221
140 1241
140 1259
140 1275
140 1434
140 1638
141 101
141 556
141 643
141 651
141 667
141 680
141 691
141 710
141 751
141 769
141 782
141 806
141 814
141 824
141 834
141 849
141 859
141 874
141 892
141 914
141 945
141 966
141 981
141 1009
141 1023
141 1038
141 1057
141 1064
141 1094
141 1105
141 1118
141 1159
141 1201
141 1223
141 1243
141 1269
141 1558
141 1809
142 50
142 390
142 659
142 672
142 697
142 709
142 711
142 725
142 750
142 767
142 783
142 804
142 828
142 851
142 865
142 872
142 885
142 893
142 916
142 926
142 937
142 943
142 959
142 964
142 974
142 992
142 1017
142 1038
142 1074
142 1084
142 1094
142 1132
142 1175
142 1205
142 1223
142 1244
142 1250
142 1271
142 1312
142 1384
142 1484
142 1681
143 201
143 336
143 648
143 660
143 679
143 702
143 744
143 762
143 786
143 812
143 841
143 854
143 890
143 919
143 924
143 942
143 955
143 974
143 983
143 1052
143 1065
143 1086
143 1114
143 1153
143 1193
143 1214
143 1231
143 1247
143 1257
143 1270
143 1772
144 82
144 294
144 448
144 539
144 680
144 700
144 718
144 730
144 760
144 777
144 796
144 831
144 882
144 915
144 933
144 953
144 960
144 979
144 981
144 994
144 1017
144 1063
144 1132
144 1170
144 1199
144 1218
144 1232
144 1258
144 1279
144 1635
144 1740
145 32
145 175
145 250
145 500
145 663
145 671
145 684
145 700
145 717
145 732
145 750
145 761
145 792
145 837
145 861
145 916
145 932
145 950
145 955
145 972
145 987
145 1058
145 1087
145 1116
145 1137
145 1195
145 1214
145 1237
145 1261
145 1363
145 1449
145 1531
145 1847
146 131
146 428
146 616
146 681
146 696
146 711
146 728
146 755
146 780
146 799
146 815
146 885
146 933
146 956
146 972
146 986
146 990
146 1003
146 1027
146 1043
146 1060
146 1157
146 1176
146 1199
146 1213
146 1232
146 1268
146 1602
147 382
147 583
147 665
147 687
147 705
147 726
147 743
147 785
147 848
147 864
147 920
147 946
147 968
147 978
147 984
147 1024
147 1061
147 1100
147 1131
147 1151
147 1201
147 1222
147 1249
147 1415
147 1497
147 1582
147 1687
148 291
148 341
148 671
148 681
148 697
148 707
148 717
148 756
148 768
148 787
148 805
148 831
148 883
148 915
148 950
148 966
148 972
148 998
148 1004
148 1051
148 1085
148 1133
148 1165
148 1184
148 1208
148 1228
148 1235
148 1264
148 1306
148 1343
148 1734
148 1789
148 1823
149 104
149 232
149 482
149 549
149 666
149 671
149 698
149 717
149 735
149 757
149 789
149 814
149 831
149 862
149 914
149 936
149 948
149 956
149 969
149 977
149 997
149 1082
149 1123
149 1163
149 1189
149 1206
149 1221
149 1657
150 60
150 196
150 678
150 689
150 719
150 735
150 757
150 776
150 783
150 803
150 849
150 868
150 894
150 933
150 942
150 961
150 980
150 1011
150 1029
150 1067
150 1101
150 1148
150 1198
150 1219
150 1232
150 1478
150 1557
151 169
151 279
151 460
151 673
151 683
151 697
151 719
151 740
151 761
151 817
151 834
151 845
151 864
151 887
151 900
151 922
151 948
151 962
151 973
151 994
151 1005
151 1011
151 1061
151 1110
151 1120
151 1140
151 1174
151 1197
151 1214
151 1227
151 1391
151 1722
152 24
152 333
152 400
152 523
152 593
152 708
152 737
152 769
152 780
152 806
152 838
152 842
152 860
152 912
152 938
152 946
152 970
152 972
152 1005
152 1043
152 1109
152 1127
152 1147
152 1162
152 1181
152 1203
152 1218
152 1238
152 1432
152 1539
152 1609
152 1788
153 647
153 731
153 753
153 786
153 804
153 822
153 840
153 862
153 876
153 898
153 913
153 949
153 963
153 979
153 988
153 1009
153 1022
153 1072
153 1091
153 1118
153 1125
153 1139
153 1159
153 1185
153 1200
153 1295
153 1336
153 1652
153 1849
154 132
154 383
154 719
154 747
154 764
154 770
154 810
154 831
154 845
154 869
154 873
154 896
154 929
154 942
154 960
154 974
154 1004
154 1027
154 1053
154 1092
154 1118
154 1134
154 1180
154 1194
154 1219
154 1375
154 1703
155 78
155 116
155 236
155 456
155 507
155 580
155 683
155 753
155 797
155 824
155 839
155 853
155 864
155 876
155 897
155 944
155 965
155 971
155 1008
155 1016
155 1041
155 1084
155 1096
155 1107
155 1126
155 1139
155 1150
155 1177
155 1191
155 1495
156 192
156 265
156 305
156 734
156 772
156 780
156 808
156 837
156 847
156 875
156 880
156 902
156 923
156 942
156 964
156 982
156 1019
156 1069
156 1093
156 1111
156 1142
156 1154
156 1161
156 1194
156 1280
156 1601
156 1770
156 1821
157 366
157 637
157 769
157 777
157 814
157 835
157 846
157 861
157 878
157 888
157 896
157 920
157 948
157 961
157 971
157 1008
157 1052
157 1091
157 1109
157 1129
157 1135
157 1149
157 1162
157 1181
157 1229
157 1429
157 1470
157 1539
157 1576
157 1663
158 22
158 429
158 740
158 786
158 796
158 814
158 848
158 866
158 874
158 899
158 902
158 950
158 957
158 970
158 992
158 1011
158 1038
158 1077
158 1099
158 1114
158 1128
158 1137
158 1142
158 1170
158 1333
158 1757
159 70
159 180
159 560
159 689
159 771
159 785
159 829
159 855
159 888
159 894
159 930
159 944
159 964
159 972
159 999
159 1067
159 1110
159 1166
159 1383
159 1717
160 125
160 246
160 345
160 473
160 519
160 613
160 793
160 812
160 845
160 864
160 873
160 886
160 900
160 957
160 971
160 1020
160 1045
160 1059
160 1083
160 1101
160 1143
160 1155
160 1262
160 1646
161 302
161 794
161 812
161 840
161 853
161 881
161 923
161 942
161 964
161 971
161 1009
161 1082
161 1116
161 1134
161 1315
161 1518
161 1801
161 1840
162 5
162 49
162 218
162 421
162 599
162 801
162 828
162 880
162 894
162 914
162 954
162 968
162 973
162 1009
162 1037
162 1055
162 1070
162 1100
162 1123
162 1181
162 1221
162 1422
162 1477
162 1559
162 1608
162 1691
163 28
163 100
163 399
163 668
163 749
163 783
163 804
163 839
163 858
163 863
163 883
163 932
163 959
163 970
163 1005
163 1039
163 1067
163 1098
163 1111
163 1147
163 1378
163 1772
164 11
164 53
164 74
164 121
164 153
164 188
164 288
164 560
164 709
164 821
164 841
164 884
164 910
164 940
164 955
164 975
164 997
164 1023
164 1058
164 1083
164 1090
165 19
165 37
165 60
165 94
165 123
165 156
165 183
165 214
165 245
165 485
165 830
165 859
165 878
165 892
165 913
165 963
165 975
165 1010
165 1035
165 1052
165 1076
165 1113
165 1741
166 79
166 93
166 147
166 161
166 199
166 228
166 267
166 289
166 347
166 362
166 515
166 648
166 844
166 882
166 904
166 924
166 943
166 961
166 977
166 992
166 1027
166 1045
166 1061
166 1313
166 1359
166 1429
166 1475
166 1521
166 1674
166 1835
167 24
167 51
167 124
167 144
167 184
167 215
167 246
167 315
167 334
167 459
167 607
167 851
167 879
167 892
167 968
167 998
167 1016
167 1042
167 1095
167 1214
167 1255
167 1292
167 1579
167 1614
167 1651
168 86
168 260
168 300
168 355
168 409
168 747
168 786
168 860
168 882
168 901
168 915
168 924
168 938
168 942
168 951
168 964
168 971
168 997
168 1013
168 1036
168 1055
168 1728
168 1798
169 123
169 188
169 241
169 297
169 330
169 398
169 432
169 574
169 706
169 844
169 870
169 885
169 900
169 901
169 921
169 1000
169 1167
169 1403
170 66
170 157
170 216
170 903
170 917
170 921
170 933
170 942
170 963
170 981
170 1019
170 1029
170 1037
170 1195
171 34
171 505
171 543
171 645
171 901
171 913
171 935
171 952
171 966
171 990
171 1005
171 1019
171 1377
171 1465
171 1504
171 1542
171 1777
171 1847
172 128
172 375
172 684
172 826
172 905
172 918
172 946
172 964
172 1018
172 1101
172 1143
172 1253
172 1300
172 1331
172 1585
172 1622
172 1703
173 111
173 193
173 260
173 308
173 777
173 904
173 910
173 936
173 969
173 998
173 1000
173 1673
174 86
174 344
174 437
174 480
174 628
174 732
174 909
174 912
174 935
174 949
174 952
174 961
174 986
174 996
174 1014
174 1032
174 1084
174 1430
174 1752
175 168
175 587
175 892
175 900
175 920
175 931
175 946
175 960
175 990
175 997
175 1015
175 1243
175 1826
175 1855
176 54
176 234
176 536
176 680
176 815
176 904
176 915
176 935
176 946
176 951
176 963
176 982
176 998
176 1009
176 1027
176 1202
176 1485
176 1526
177 123
177 305
177 393
177 886
177 899
177 911
177 934
177 944
177 957
177 986
177 991
177 1027
177 1171
177 1305
177 1350
177 1391
177 1578
177 1801
178 260
178 437
178 483
178 772
178 900
178 903
178 911
178 943
178 959
178 970
178 991
178 1020
178 1027
178 1133
178 1426
178 1614
178 1664
178 1698
178 1737
178 1760
179 46
179 109
179 222
179 368
179 587
179 635
179 736
179 868
179 893
179 907
179 914
179 935
179 946
179 956
179 974
179 994
179 1011
179 1044
179 1098
179 1656
180 183
180 536
180 678
180 913
180 927
180 937
180 953
180 961
180 987
180 1009
180 1018
180 1279
180 1477
180 1522
180 1555
180 1844
181 160
181 906
181 916
181 932
181 956
181 974
181 1001
181 1245
181 1594
181 1637
181 1729
181 1823
182 94
182 304
182 342
182 843
182 901
182 914
182 932
182 942
182 958
182 967
182 989
182 1000
182 1201
182 1355
182 1400
182 1653
182 1751
182 1797
183 37
183 64
183 149
183 229
183 262
183 418
183 454
183 495
183 584
183 729
183 770
183 825
183 919
183 931
183 966
183 996
183 1036
183 1083
183 1136
183 1177
183 1330
183 1450
183 1709
184 2
184 631
184 679
184 913
184 935
184 965
184 1004
184 1519
185 196
185 541
185 929
185 967
185 1303
185 1563
185 1609
185 1644
185 1742
185 1790
185 1842
186 34
186 123
186 392
186 908
186 986
186 1266
186 1434
186 1696
187 17
187 76
187 949
187 970
187 1236
187 1873
188 27
188 53
188 94
188 171
188 267
188 333
188 375
188 475
188 523
188 582
188 719
188 754
188 794
188 832
188 878
188 959
188 981
188 1029
188 1061
188 1104
188 1143
188 1186
188 1367
188 1403
188 1480
188 1818
188 1851
189 10
189 47
189 90
189 125
189 151
189 249
189 315
189 447
189 638
189 670
189 951
189 1740
189 1790
189 1842
189 1880
190 12
190 38
190 56
190 73
190 106
190 137
190 169
190 194
190 218
190 960
190 1308
190 1570
190 1613
190 1677
190 1704
190 1779
190 1817
190 1837
190 1868
191 33
191 65
191 92
191 129
191 140
191 164
191 191
191 235
191 293
191 948
191 1355
191 1531
191 1557
191 1663
191 1743
191 1778
191 1797
191 1818
192 11
192 48
192 85
192 119
192 171
192 197
192 224
192 252
192 280
192 345
192 428
192 511
192 965
192 1251
192 1474
192 1614
192 1644
192 1683
192 1704
192 1720
192 1753
192 1853
192 1872
193 35
193 63
193 82
193 102
193 138
193 158
193 177
193 211
193 257
193 296
193 395
193 562
193 601
193 767
193 809
193 841
193 881
193 925
193 965
193 1039
193 1073
193 1113
193 1158
193 1193
193 1240
193 1420
193 1452
193 1521
193 1553
193 1583
193 1607
193 1631
193 1668
193 1680
193 1714
193 1733
193 1772
193 1798
193 1819
193 1834
193 1852
194 48
194 125
194 149
194 195
194 235
194 268
194 282
194 327
194 471
194 643
194 687
194 730
194 954
194 998
194 1302
194 1652
194 1707
194 1762
195 31
195 71
195 98
195 110
195 168
195 188
195 204
195 223
195 256
195 314
195 358
195 376
195 1360
195 1515
195 1553
195 1595
195 1639
195 1683
195 1736
195 1756
195 1791
195 1822
195 1856
196 0
196 57
196 134
196 159
196 236
196 253
196 286
196 301
196 336
196 406
196 420
196 457
196 1406
196 1443
196 1488
196 1570
196 1611
196 1666
196 1711
196 1780
196 1809
196 1845
196 1877
197 37
197 76
197 96
197 114
197 139
197 176
197 193
197 215
197 239
197 267
197 282
197 326
197 368
197 390
197 519
197 549
197 1641
197 1689
197 1711
197 1744
197 1765
197 1805
197 1832
197 1865
198 17
198 54
198 141
198 164
198 188
198 210
198 226
198 249
198 262
198 283
198 302
198 316
198 336
198 340
198 366
198 397
198 415
198 440
198 451
198 471
198 582
198 617
198 1557
198 1582
198 1603
198 1620
198 1775
198 1796
198 1824
198 1842
198 1873
199 18
199 46
199 87
199 109
199 131
199 502
199 1749
199 1772
199 1828
199 1867
