0 38
0 54
0 90
0 105
0 113
0 134
0 150
0 182
0 219
0 227
0 253
0 263
0 297
0 325
0 345
0 356
0 391
0 407
0 430
0 450
0 460
0 488
0 508
0 521
0 534
0 544
0 568
0 582
0 591
0 599
0 622
0 633
0 652
0 662
0 675
0 689
0 710
0 730
0 757
0 764
0 788
0 798
0 821
0 859
0 866
0 887
0 895
0 901
0 928
0 938
0 953
0 980
0 994
0 1020
0 1031
0 1049
0 1063
0 1086
0 1098
0 1124
0 1140
0 1152
0 1158
0 1171
0 1185
0 1210
0 1239
0 1252
0 1272
0 1286
0 1305
0 1340
0 1352
0 1380
0 1397
0 1410
0 1418
0 1430
0 1464
0 1485
0 1500
0 1514
0 1531
0 1547
0 1592
0 1600
0 1624
0 1633
0 1647
0 1658
0 1678
0 1689
0 1711
0 1731
0 1774
0 1816
0 1825
0 1842
0 1869
0 1884
1 45
1 89
1 99
1 105
1 143
1 150
1 177
1 186
1 199
1 222
1 234
1 252
1 264
1 280
1 288
1 306
1 319
1 350
1 355
1 364
1 385
1 392
1 404
1 422
1 444
1 459
1 469
1 487
1 499
1 508
1 517
1 555
1 566
1 576
1 606
1 639
1 654
1 668
1 695
1 706
1 721
1 729
1 746
1 757
1 776
1 788
1 816
1 824
1 831
1 852
1 859
1 889
1 919
1 935
1 957
1 962
1 970
1 996
1 1016
1 1043
1 1061
1 1070
1 1107
1 1122
1 1148
1 1158
1 1169
1 1204
1 1210
1 1223
1 1247
1 1266
1 1300
1 1329
1 1350
1 1380
1 1414
1 1420
1 1449
1 1467
1 1489
1 1512
1 1544
1 1552
1 1609
1 1619
1 1626
1 1630
1 1643
1 1684
1 1702
1 1714
1 1738
1 1765
1 1792
1 1828
1 1837
1 1865
1 1875
2 33
2 64
2 85
2 110
2 127
2 153
2 169
2 180
2 218
2 257
2 282
2 304
2 322
2 355
2 372
2 404
2 419
2 433
2 457
2 477
2 507
2 522
2 538
2 554
2 578
2 591
2 618
2 631
2 657
2 667
2 680
2 685
2 696
2 709
2 733
2 741
2 785
2 789
2 799
2 819
2 850
2 857
2 874
2 886
2 900
2 908
2 921
2 931
2 958
2 981
2 999
2 1019
2 1030
2 1044
2 1067
2 1077
2 1097
2 1113
2 1127
2 1172
2 1179
2 1209
2 1218
2 1237
2 1256
2 1266
2 1276
2 1295
2 1334
2 1351
2 1373
2 1395
2 1421
2 1447
2 1458
2 1473
2 1491
2 1526
2 1557
2 1584
2 1655
2 1759
2 1794
3 37
3 50
3 80
3 110
3 145
3 154
3 180
3 198
3 218
3 228
3 251
3 271
3 285
3 296
3 320
3 329
3 355
3 364
3 383
3 401
3 423
3 430
3 452
3 458
3 475
3 499
3 511
3 535
3 543
3 556
3 574
3 597
3 607
3 617
3 646
3 659
3 670
3 681
3 704
3 730
3 753
3 772
3 784
3 821
3 830
3 856
3 870
3 896
3 906
3 941
3 960
3 983
3 994
3 1016
3 1044
3 1053
3 1063
3 1099
3 1127
3 1142
3 1151
3 1166
3 1176
3 1188
3 1208
3 1248
3 1287
3 1301
3 1330
3 1347
3 1415
3 1506
3 1621
3 1832
4 29
4 66
4 74
4 97
4 105
4 131
4 148
4 159
4 179
4 184
4 201
4 220
4 234
4 257
4 267
4 281
4 288
4 298
4 320
4 355
4 373
4 390
4 416
4 426
4 438
4 456
4 487
4 495
4 506
4 516
4 530
4 536
4 563
4 576
4 582
4 615
4 628
4 642
4 652
4 663
4 668
4 696
4 714
4 725
4 739
4 764
4 785
4 792
4 806
4 823
4 855
4 884
4 905
4 931
4 939
4 962
4 974
4 985
4 1002
4 1023
4 1029
4 1033
4 1043
4 1077
4 1093
4 1105
4 1189
4 1225
4 1240
4 1259
4 1271
4 1300
4 1386
4 1409
4 1470
4 1566
4 1703
4 1743
5 20
5 35
5 49
5 62
5 75
5 99
5 104
5 117
5 140
5 154
5 172
5 200
5 219
5 237
5 246
5 265
5 282
5 298
5 322
5 334
5 348
5 359
5 375
5 392
5 407
5 419
5 454
5 461
5 468
5 476
5 488
5 508
5 534
5 544
5 562
5 568
5 594
5 608
5 627
5 635
5 681
5 694
5 717
5 733
5 743
5 762
5 781
5 789
5 815
5 836
5 854
5 858
5 878
5 885
5 894
5 921
5 958
5 965
5 983
5 990
5 1072
5 1092
5 1134
5 1205
5 1609
5 1663
6 62
6 87
6 101
6 113
6 127
6 147
6 158
6 179
6 196
6 203
6 219
6 241
6 265
6 281
6 306
6 319
6 353
6 370
6 383
6 400
6 430
6 435
6 441
6 463
6 486
6 503
6 510
6 533
6 556
6 572
6 596
6 622
6 646
6 652
6 666
6 674
6 680
6 692
6 721
6 736
6 758
6 772
6 793
6 821
6 825
6 836
6 864
6 905
6 944
6 964
6 1176
6 1314
6 1419
6 1507
6 1768
6 1821
7 28
7 35
7 65
7 74
7 89
7 105
7 122
7 146
7 155
7 171
7 191
7 220
7 237
7 252
7 266
7 290
7 308
7 319
7 348
7 371
7 393
7 417
7 427
7 451
7 476
7 492
7 502
7 510
7 534
7 544
7 553
7 579
7 597
7 622
7 653
7 760
7 853
7 879
7 1023
7 1364
7 1383
7 1579
7 1684
7 1697
7 1856
8 35
8 53
8 60
8 65
8 89
8 108
8 119
8 131
8 152
8 162
8 182
8 210
8 233
8 250
8 273
8 286
8 290
8 299
8 308
8 317
8 326
8 345
8 371
8 390
8 418
8 443
8 624
8 692
8 735
8 790
8 1071
8 1101
8 1201
8 1211
8 1242
8 1262
8 1289
8 1397
8 1471
8 1547
8 1657
8 1743
9 17
9 28
9 42
9 67
9 83
9 109
9 116
9 140
9 147
9 167
9 174
9 205
9 222
9 234
9 281
9 498
9 506
9 585
9 680
9 836
9 919
9 956
9 991
10 23
10 35
10 41
10 49
10 56
10 67
10 84
10 94
10 117
10 135
10 169
10 183
10 200
10 236
10 254
10 286
10 310
10 324
10 363
10 446
10 545
10 1136
10 1451
10 1472
10 1496
10 1509
10 1526
10 1534
10 1552
10 1593
10 1599
10 1627
10 1641
10 1658
10 1673
10 1704
10 1718
10 1733
10 1753
10 1767
10 1783
10 1790
10 1796
10 1820
10 1829
10 1841
10 1864
10 1872
11 26
11 98
11 139
11 404
11 654
11 735
11 879
11 912
11 929
11 1187
11 1219
11 1242
11 1277
11 1290
11 1310
11 1315
11 1322
11 1328
11 1344
11 1350
11 1362
11 1368
11 1382
11 1390
11 1413
11 1416
11 1421
11 1439
11 1454
11 1465
11 1474
11 1497
11 1515
11 1530
11 1567
11 1577
11 1599
11 1609
11 1630
11 1657
11 1668
11 1678
11 1713
11 1753
11 1759
11 1826
11 1863
12 46
12 74
12 232
12 437
12 586
12 758
12 774
12 786
12 951
12 975
12 1003
12 1012
12 1043
12 1049
12 1059
12 1073
12 1091
12 1104
12 1110
12 1119
12 1145
12 1158
12 1171
12 1177
12 1185
12 1203
12 1213
12 1219
12 1242
12 1247
12 1254
12 1282
12 1288
12 1308
12 1328
12 1338
12 1382
12 1398
12 1412
12 1452
12 1457
12 1470
12 1517
12 1537
12 1548
12 1561
12 1591
12 1606
12 1623
12 1633
12 1686
12 1701
12 1719
12 1786
12 1817
12 1838
12 1855
13 55
13 89
13 104
13 175
13 217
13 297
13 345
13 376
13 472
13 521
13 627
13 634
13 671
13 704
13 733
13 796
13 810
13 828
13 856
13 863
13 872
13 889
13 896
13 909
13 918
13 928
13 942
13 956
13 964
13 982
13 1008
13 1020
13 1030
13 1045
13 1092
13 1102
13 1129
13 1142
13 1153
13 1172
13 1188
13 1213
13 1219
13 1244
13 1259
13 1269
13 1286
13 1304
13 1319
13 1333
13 1374
13 1387
13 1433
13 1461
13 1513
13 1663
13 1772
14 31
14 153
14 407
14 565
14 611
14 668
14 678
14 720
14 728
14 737
14 750
14 762
14 772
14 786
14 798
14 813
14 822
14 831
14 838
14 853
14 860
14 885
14 900
14 906
14 926
14 939
14 950
14 981
14 990
14 1028
14 1046
14 1058
14 1086
14 1103
14 1129
14 1567
14 1641
14 1757
14 1831
15 192
15 207
15 241
15 270
15 297
15 313
15 370
15 452
15 460
15 529
15 533
15 582
15 595
15 617
15 627
15 633
15 645
15 656
15 673
15 691
15 696
15 713
15 737
15 752
15 761
15 772
15 798
15 812
15 824
15 843
15 876
15 903
15 966
15 1188
15 1369
15 1411
15 1513
15 1533
15 1709
16 71
16 79
16 106
16 176
16 366
16 402
16 410
16 463
16 476
16 487
16 498
16 502
16 507
16 523
16 537
16 544
16 558
16 571
16 575
16 589
16 616
16 630
16 649
16 654
16 680
16 701
16 725
16 888
16 1105
16 1446
16 1616
17 31
17 320
17 341
17 348
17 355
17 363
17 391
17 403
17 416
17 430
17 435
17 470
17 478
17 492
17 509
17 545
17 762
17 798
17 942
17 1038
17 1068
17 1275
17 1302
17 1337
17 1545
17 1679
18 255
18 265
18 278
18 281
18 286
18 290
18 316
18 322
18 331
18 360
18 380
18 418
18 429
18 454
18 933
18 1502
19 188
19 201
19 218
19 231
19 236
19 242
19 251
19 267
19 307
19 354
19 364
20 20
20 48
20 128
20 156
20 162
20 180
20 204
20 232
20 287
20 321
20 539
20 844
20 890
20 1003
20 1139
20 1409
20 1658
20 1722
20 1735
20 1766
20 1772
20 1794
20 1801
20 1812
20 1837
20 1852
21 97
21 107
21 129
21 140
21 458
21 507
21 521
21 588
21 611
21 621
21 634
21 644
21 661
21 670
21 682
21 690
21 719
21 739
21 769
21 793
21 809
21 889
21 900
21 954
21 993
21 1047
21 1059
21 1096
21 1206
21 1220
21 1288
21 1460
21 1476
21 1552
21 1630
21 1652
21 1679
21 1698
21 1727
21 1735
21 1750
21 1767
21 1781
21 1811
21 1828
21 1846
21 1862
21 1866
21 1872
21 1888
22 31
22 40
22 49
22 69
22 80
22 88
22 96
22 117
22 126
22 144
22 159
22 180
22 184
22 190
22 218
22 233
22 249
22 259
22 277
22 283
22 289
22 317
22 322
22 341
22 365
22 395
22 431
22 458
22 495
22 544
22 558
22 580
22 723
22 747
22 755
22 779
22 797
22 833
22 854
22 860
22 1217
22 1224
22 1264
22 1375
22 1390
22 1434
22 1510
22 1573
22 1581
22 1592
22 1604
22 1626
22 1638
22 1648
22 1670
22 1677
22 1687
22 1698
22 1715
22 1720
22 1751
22 1758
22 1770
22 1790
22 1794
22 1820
22 1828
22 1847
22 1869
23 23
23 34
23 41
23 60
23 78
23 102
23 119
23 135
23 153
23 173
23 199
23 221
23 236
23 252
23 280
23 289
23 322
23 339
23 356
23 384
23 398
23 420
23 435
23 450
23 517
23 548
23 565
23 578
23 599
23 629
23 640
23 659
23 674
23 683
23 736
23 745
23 777
23 800
23 822
23 835
23 990
23 1209
23 1240
23 1295
23 1302
23 1309
23 1344
23 1371
23 1459
23 1517
23 1549
23 1567
23 1644
23 1678
23 1751
23 1796
23 1811
23 1820
23 1847
23 1874
24 17
24 34
24 44
24 71
24 98
24 110
24 133
24 139
24 149
24 180
24 209
24 230
24 253
24 279
24 287
24 294
24 316
24 332
24 353
24 361
24 375
24 380
24 418
24 431
24 448
24 464
24 505
24 583
24 616
24 647
24 661
24 700
24 710
24 721
24 731
24 754
24 760
24 782
24 793
24 800
24 822
24 962
24 1043
24 1156
24 1176
24 1216
24 1224
24 1262
24 1288
24 1343
24 1352
24 1362
24 1371
24 1411
24 1419
24 1438
24 1528
24 1550
24 1567
24 1594
24 1601
24 1610
24 1650
24 1676
24 1709
24 1750
24 1770
24 1793
24 1802
24 1813
24 1820
24 1838
24 1856
25 29
25 37
25 58
25 104
25 119
25 130
25 185
25 200
25 250
25 284
25 295
25 301
25 316
25 338
25 355
25 368
25 377
25 404
25 414
25 436
25 482
25 508
25 521
25 568
25 576
25 580
25 616
25 638
25 654
25 698
25 722
25 732
25 737
25 741
25 757
25 768
25 782
25 786
25 790
25 810
25 817
25 839
25 847
25 866
25 882
25 902
25 912
25 924
25 932
25 939
25 978
25 984
25 1076
25 1089
25 1122
25 1137
25 1154
25 1204
25 1216
25 1240
25 1251
25 1274
25 1310
25 1350
25 1359
25 1369
25 1382
25 1416
25 1448
25 1459
25 1492
25 1511
25 1578
25 1597
25 1610
25 1653
25 1673
25 1682
25 1700
25 1718
25 1746
25 1758
25 1785
25 1793
25 1800
25 1809
25 1837
25 1854
25 1871
25 1881
25 1891
26 83
26 170
26 240
26 301
26 319
26 327
26 347
26 358
26 371
26 391
26 399
26 427
26 453
26 458
26 464
26 478
26 494
26 521
26 536
26 553
26 566
26 575
26 582
26 592
26 607
26 615
26 621
26 639
26 659
26 667
26 689
26 709
26 723
26 739
26 752
26 783
26 787
26 802
26 817
26 830
26 837
26 855
26 860
26 866
26 931
26 988
26 1003
26 1026
26 1031
26 1058
26 1073
26 1090
26 1100
26 1104
26 1131
26 1152
26 1187
26 1203
26 1221
26 1261
26 1295
26 1323
26 1336
26 1363
26 1370
26 1377
26 1388
26 1409
26 1416
26 1455
26 1492
26 1505
26 1517
26 1543
26 1559
26 1577
26 1605
26 1625
26 1637
26 1683
26 1696
26 1712
26 1735
26 1755
26 1768
26 1805
26 1816
26 1830
26 1862
27 214
27 225
27 231
27 239
27 292
27 317
27 322
27 333
27 347
27 357
27 365
27 372
27 399
27 411
27 417
27 428
27 442
27 454
27 473
27 481
27 503
27 514
27 524
27 549
27 568
27 581
27 601
27 612
27 624
27 646
27 661
27 667
27 678
27 696
27 699
27 706
27 739
27 746
27 754
27 766
27 773
27 784
27 789
27 819
27 832
27 854
27 859
27 900
27 906
27 919
27 924
27 933
27 943
27 961
27 973
27 987
27 1006
27 1070
27 1086
27 1096
27 1103
27 1150
27 1163
27 1179
27 1193
27 1206
27 1237
27 1249
27 1291
27 1336
27 1356
27 1365
27 1372
27 1383
27 1453
27 1490
27 1508
27 1553
27 1561
27 1578
27 1595
27 1608
27 1626
27 1660
27 1684
27 1701
27 1708
27 1718
27 1794
27 1803
27 1821
27 1832
27 1861
27 1875
28 32
28 57
28 77
28 89
28 145
28 187
28 221
28 237
28 261
28 319
28 324
28 336
28 346
28 353
28 365
28 395
28 406
28 420
28 429
28 451
28 454
28 459
28 468
28 480
28 505
28 532
28 542
28 548
28 572
28 580
28 588
28 597
28 619
28 632
28 640
28 654
28 708
28 719
28 737
28 749
28 758
28 771
28 786
28 790
28 808
28 823
28 853
28 857
28 867
28 1004
28 1030
28 1048
28 1070
28 1091
28 1097
28 1105
28 1117
28 1149
28 1204
28 1213
28 1230
28 1257
28 1280
28 1313
28 1339
28 1362
28 1369
28 1379
28 1391
28 1407
28 1435
28 1447
28 1506
28 1518
28 1561
28 1569
28 1595
28 1645
28 1713
28 1753
28 1794
28 1805
28 1818
28 1838
28 1865
28 1890
29 23
29 36
29 66
29 100
29 111
29 138
29 161
29 172
29 207
29 233
29 241
29 251
29 281
29 290
29 315
29 321
29 338
29 346
29 351
29 357
29 372
29 381
29 388
29 406
29 418
29 430
29 478
29 496
29 517
29 543
29 557
29 576
29 583
29 591
29 617
29 625
29 634
29 654
29 666
29 693
29 699
29 712
29 724
29 739
29 753
29 768
29 785
29 788
29 796
29 818
29 825
29 836
29 856
29 860
29 896
29 910
29 923
29 939
29 943
29 967
29 980
29 986
29 992
29 1008
29 1076
29 1086
29 1092
29 1106
29 1135
29 1155
29 1162
29 1194
29 1213
29 1237
29 1285
29 1290
29 1299
29 1336
29 1364
29 1373
29 1380
29 1484
29 1492
29 1502
29 1546
29 1565
29 1576
29 1596
29 1609
29 1626
29 1633
29 1650
29 1662
29 1686
29 1702
29 1721
29 1740
29 1771
29 1791
29 1798
29 1806
29 1830
29 1840
29 1860
29 1878
29 1892
30 95
30 139
30 163
30 187
30 205
30 223
30 231
30 238
30 318
30 328
30 336
30 345
30 354
30 366
30 383
30 395
30 421
30 430
30 442
30 459
30 468
30 478
30 487
30 501
30 512
30 526
30 532
30 541
30 550
30 569
30 575
30 581
30 596
30 607
30 618
30 649
30 657
30 665
30 674
30 710
30 726
30 737
30 749
30 761
30 778
30 790
30 797
30 808
30 825
30 856
30 863
30 879
30 901
30 916
30 938
30 961
30 1005
30 1015
30 1026
30 1034
30 1046
30 1053
30 1063
30 1078
30 1095
30 1102
30 1176
30 1201
30 1209
30 1225
30 1248
30 1273
30 1363
30 1367
30 1372
30 1382
30 1415
30 1420
30 1434
30 1497
30 1510
30 1524
30 1553
30 1567
30 1595
30 1608
30 1627
30 1660
30 1691
30 1705
30 1713
30 1761
30 1783
30 1808
30 1818
30 1832
30 1850
30 1866
31 25
31 35
31 70
31 80
31 110
31 152
31 199
31 211
31 228
31 238
31 254
31 285
31 299
31 315
31 321
31 335
31 343
31 347
31 352
31 357
31 386
31 400
31 418
31 431
31 446
31 466
31 482
31 503
31 513
31 518
31 535
31 548
31 559
31 576
31 593
31 609
31 619
31 629
31 643
31 653
31 665
31 695
31 706
31 718
31 730
31 746
31 756
31 764
31 772
31 785
31 810
31 817
31 824
31 833
31 854
31 859
31 867
31 886
31 897
31 907
31 936
31 942
31 970
31 981
31 1002
31 1019
31 1039
31 1060
31 1093
31 1100
31 1117
31 1155
31 1166
31 1172
31 1185
31 1206
31 1217
31 1238
31 1271
31 1286
31 1297
31 1329
31 1336
31 1343
31 1362
31 1370
31 1376
31 1383
31 1476
31 1487
31 1492
31 1500
31 1512
31 1555
31 1564
31 1577
31 1588
31 1595
31 1606
31 1616
31 1635
31 1647
31 1660
31 1685
31 1706
31 1735
31 1746
31 1753
31 1764
31 1786
31 1795
31 1800
31 1806
31 1825
31 1835
31 1846
31 1865
31 1892
32 29
32 36
32 42
32 84
32 120
32 139
32 165
32 173
32 185
32 216
32 224
32 233
32 239
32 246
32 270
32 318
32 323
32 334
32 341
32 349
32 368
32 377
32 388
32 409
32 423
32 434
32 453
32 458
32 496
32 505
32 514
32 539
32 553
32 564
32 576
32 583
32 599
32 616
32 652
32 663
32 672
32 696
32 704
32 724
32 732
32 742
32 770
32 784
32 789
32 796
32 807
32 816
32 829
32 850
32 859
32 904
32 921
32 932
32 963
32 990
32 1046
32 1085
32 1093
32 1100
32 1108
32 1119
32 1148
32 1202
32 1207
32 1224
32 1250
32 1267
32 1293
32 1314
32 1325
32 1364
32 1371
32 1376
32 1414
32 1434
32 1445
32 1487
32 1493
32 1506
32 1527
32 1564
32 1595
32 1602
32 1625
32 1636
32 1648
32 1656
32 1671
32 1684
32 1707
32 1713
32 1749
32 1775
32 1786
32 1790
32 1794
32 1812
32 1826
32 1849
32 1860
32 1889
33 19
33 29
33 60
33 78
33 128
33 145
33 169
33 201
33 230
33 272
33 298
33 311
33 319
33 329
33 340
33 350
33 354
33 365
33 371
33 386
33 410
33 418
33 425
33 431
33 435
33 470
33 482
33 490
33 512
33 519
33 537
33 544
33 548
33 558
33 579
33 594
33 613
33 620
33 630
33 640
33 652
33 661
33 693
33 697
33 702
33 729
33 736
33 740
33 747
33 758
33 767
33 778
33 785
33 789
33 813
33 821
33 827
33 857
33 868
33 881
33 889
33 907
33 930
33 941
33 979
33 1005
33 1029
33 1036
33 1043
33 1050
33 1068
33 1080
33 1094
33 1104
33 1121
33 1130
33 1152
33 1167
33 1186
33 1200
33 1203
33 1210
33 1285
33 1300
33 1323
33 1332
33 1341
33 1360
33 1367
33 1375
33 1384
33 1414
33 1439
33 1476
33 1485
33 1490
33 1505
33 1556
33 1563
33 1571
33 1580
33 1590
33 1594
33 1599
33 1609
33 1636
33 1653
33 1663
33 1679
33 1696
33 1702
33 1709
33 1747
33 1756
33 1766
33 1788
33 1793
33 1808
33 1818
33 1828
33 1834
33 1858
33 1867
33 1873
33 1880
33 1889
34 30
34 38
34 48
34 75
34 108
34 123
34 148
34 157
34 194
34 220
34 226
34 239
34 253
34 280
34 305
34 318
34 326
34 336
34 342
34 351
34 359
34 367
34 377
34 400
34 418
34 432
34 450
34 459
34 466
34 495
34 509
34 517
34 532
34 549
34 571
34 577
34 594
34 614
34 629
34 661
34 670
34 720
34 743
34 751
34 757
34 770
34 786
34 794
34 801
34 813
34 822
34 856
34 861
34 890
34 904
34 927
34 962
34 1013
34 1044
34 1050
34 1064
34 1071
34 1084
34 1097
34 1105
34 1122
34 1152
34 1206
34 1215
34 1247
34 1269
34 1307
34 1327
34 1350
34 1365
34 1374
34 1392
34 1405
34 1487
34 1496
34 1506
34 1513
34 1568
34 1580
34 1591
34 1599
34 1609
34 1623
34 1632
34 1641
34 1652
34 1666
34 1675
34 1681
34 1686
34 1702
34 1708
34 1715
34 1728
34 1737
34 1765
34 1790
34 1795
34 1804
34 1811
34 1837
34 1864
34 1888
35 25
35 29
35 36
35 101
35 136
35 146
35 176
35 186
35 222
35 262
35 283
35 290
35 315
35 320
35 337
35 347
35 351
35 357
35 364
35 380
35 399
35 410
35 420
35 431
35 438
35 453
35 461
35 478
35 498
35 506
35 514
35 531
35 544
35 552
35 561
35 581
35 591
35 608
35 618
35 625
35 633
35 648
35 664
35 676
35 697
35 704
35 716
35 726
35 732
35 741
35 756
35 764
35 786
35 799
35 811
35 817
35 823
35 827
35 856
35 861
35 877
35 889
35 907
35 933
35 960
35 969
35 985
35 994
35 1004
35 1037
35 1052
35 1060
35 1070
35 1079
35 1091
35 1101
35 1112
35 1120
35 1144
35 1155
35 1183
35 1203
35 1213
35 1239
35 1288
35 1300
35 1324
35 1339
35 1348
35 1363
35 1368
35 1373
35 1414
35 1421
35 1451
35 1470
35 1488
35 1494
35 1503
35 1537
35 1550
35 1564
35 1595
35 1602
35 1610
35 1620
35 1653
35 1663
35 1672
35 1682
35 1703
35 1708
35 1721
35 1735
35 1752
35 1769
35 1775
35 1786
35 1794
35 1801
35 1810
35 1846
35 1858
35 1885
36 20
36 29
36 43
36 72
36 83
36 91
36 107
36 137
36 154
36 170
36 218
36 251
36 285
36 311
36 318
36 325
36 344
36 353
36 360
36 368
36 375
36 387
36 416
36 430
36 434
36 440
36 470
36 486
36 496
36 515
36 525
36 533
36 547
36 555
36 579
36 585
36 619
36 645
36 652
36 661
36 680
36 697
36 715
36 724
36 740
36 747
36 755
36 768
36 784
36 789
36 811
36 825
36 850
36 858
36 869
36 913
36 944
36 962
36 1037
36 1046
36 1072
36 1078
36 1085
36 1093
36 1101
36 1150
36 1205
36 1215
36 1234
36 1244
36 1252
36 1263
36 1278
36 1311
36 1336
36 1352
36 1361
36 1372
36 1384
36 1486
36 1489
36 1495
36 1510
36 1526
36 1548
36 1563
36 1592
36 1602
36 1631
36 1688
36 1717
36 1750
36 1768
36 1800
36 1807
36 1815
36 1825
36 1831
36 1870
36 1877
37 135
37 149
37 178
37 200
37 223
37 231
37 281
37 307
37 318
37 329
37 346
37 351
37 357
37 380
37 389
37 398
37 417
37 428
37 437
37 461
37 479
37 490
37 500
37 508
37 515
37 531
37 547
37 560
37 567
37 578
37 589
37 607
37 615
37 628
37 637
37 643
37 651
37 676
37 697
37 715
37 724
37 734
37 756
37 761
37 767
37 773
37 793
37 799
37 809
37 819
37 829
37 856
37 861
37 885
37 893
37 924
37 931
37 938
37 965
37 980
37 990
37 1018
37 1039
37 1055
37 1064
37 1070
37 1083
37 1094
37 1102
37 1113
37 1129
37 1142
37 1163
37 1183
37 1201
37 1207
37 1220
37 1296
37 1327
37 1338
37 1351
37 1361
37 1368
37 1375
37 1417
37 1433
37 1456
37 1464
37 1484
37 1498
37 1504
37 1566
37 1581
37 1622
37 1627
37 1658
37 1688
37 1708
37 1742
37 1784
37 1791
37 1808
37 1816
37 1828
37 1862
37 1879
37 1891
38 18
38 28
38 34
38 60
38 75
38 99
38 265
38 320
38 330
38 338
38 347
38 354
38 368
38 378
38 392
38 408
38 424
38 429
38 435
38 450
38 469
38 483
38 501
38 512
38 520
38 531
38 544
38 567
38 580
38 593
38 618
38 630
38 657
38 666
38 698
38 705
38 722
38 737
38 749
38 758
38 784
38 790
38 796
38 802
38 815
38 826
38 849
38 857
38 868
38 884
38 899
38 972
38 989
38 1036
38 1048
38 1058
38 1077
38 1093
38 1098
38 1189
38 1203
38 1208
38 1222
38 1250
38 1258
38 1295
38 1304
38 1320
38 1338
38 1361
38 1367
38 1373
38 1384
38 1416
38 1489
38 1492
38 1499
38 1523
38 1538
38 1561
38 1599
38 1766
38 1804
38 1815
38 1829
38 1854
38 1860
38 1891
39 38
39 71
39 128
39 177
39 221
39 253
39 288
39 302
39 317
39 321
39 328
39 344
39 350
39 357
39 373
39 385
39 396
39 406
39 432
39 442
39 450
39 482
39 494
39 511
39 533
39 545
39 574
39 578
39 582
39 590
39 609
39 618
39 645
39 652
39 667
39 695
39 699
39 720
39 736
39 746
39 755
39 763
39 786
39 798
39 815
39 821
39 856
39 866
39 896
39 930
39 955
39 962
39 981
39 991
39 1033
39 1047
39 1061
39 1071
39 1076
39 1085
39 1098
39 1106
39 1132
39 1166
39 1173
39 1186
39 1206
39 1213
39 1243
39 1272
39 1287
39 1363
39 1383
39 1405
39 1416
39 1452
39 1464
39 1488
39 1497
39 1509
39 1522
39 1555
39 1573
39 1600
39 1631
39 1646
39 1682
39 1705
39 1770
39 1794
39 1804
39 1820
39 1840
39 1878
40 23
40 81
40 102
40 247
40 317
40 331
40 345
40 349
40 357
40 372
40 384
40 404
40 423
40 432
40 447
40 457
40 464
40 478
40 490
40 502
40 509
40 522
40 534
40 547
40 558
40 581
40 598
40 618
40 627
40 651
40 657
40 666
40 678
40 708
40 717
40 723
40 731
40 739
40 765
40 775
40 788
40 798
40 813
40 822
40 828
40 881
40 889
40 894
40 928
40 981
40 1030
40 1057
40 1070
40 1081
40 1096
40 1106
40 1126
40 1148
40 1153
40 1186
40 1203
40 1207
40 1222
40 1272
40 1300
40 1314
40 1336
40 1357
40 1371
40 1381
40 1457
40 1486
40 1490
40 1502
40 1508
40 1543
40 1573
40 1599
40 1608
40 1628
40 1660
40 1674
40 1709
40 1722
40 1737
40 1753
40 1775
40 1792
40 1799
40 1805
40 1816
40 1839
40 1863
40 1879
41 77
41 173
41 186
41 292
41 314
41 319
41 340
41 346
41 354
41 364
41 373
41 383
41 395
41 405
41 419
41 431
41 435
41 451
41 461
41 478
41 500
41 506
41 513
41 517
41 533
41 552
41 561
41 571
41 592
41 598
41 617
41 622
41 632
41 648
41 652
41 668
41 676
41 694
41 711
41 726
41 736
41 753
41 768
41 773
41 783
41 788
41 817
41 825
41 854
41 864
41 908
41 924
41 939
41 955
41 978
41 1007
41 1020
41 1043
41 1052
41 1059
41 1069
41 1091
41 1098
41 1104
41 1112
41 1159
41 1192
41 1203
41 1210
41 1240
41 1255
41 1287
41 1304
41 1335
41 1362
41 1372
41 1383
41 1390
41 1399
41 1415
41 1438
41 1453
41 1490
41 1506
41 1511
41 1553
41 1565
41 1577
41 1595
41 1601
41 1617
41 1630
41 1648
41 1659
41 1683
41 1697
41 1709
41 1772
41 1802
41 1829
41 1848
42 41
42 75
42 109
42 119
42 157
42 243
42 277
42 315
42 323
42 337
42 347
42 356
42 366
42 374
42 412
42 420
42 429
42 437
42 475
42 490
42 504
42 512
42 531
42 547
42 555
42 577
42 584
42 593
42 603
42 621
42 635
42 653
42 664
42 687
42 695
42 706
42 728
42 741
42 747
42 754
42 783
42 788
42 793
42 809
42 816
42 826
42 841
42 852
42 857
42 868
42 889
42 962
42 974
42 1000
42 1045
42 1068
42 1071
42 1084
42 1096
42 1107
42 1125
42 1151
42 1166
42 1183
42 1204
42 1214
42 1237
42 1248
42 1263
42 1292
42 1311
42 1337
42 1358
42 1368
42 1379
42 1387
42 1487
42 1495
42 1506
42 1547
42 1564
42 1596
42 1619
42 1644
42 1655
42 1681
42 1727
42 1744
42 1759
42 1768
42 1775
42 1801
42 1811
42 1819
42 1833
42 1875
42 1889
43 26
43 81
43 103
43 118
43 135
43 173
43 182
43 203
43 302
43 311
43 320
43 338
43 345
43 351
43 363
43 372
43 404
43 417
43 430
43 435
43 451
43 456
43 459
43 474
43 488
43 500
43 506
43 514
43 531
43 545
43 566
43 576
43 594
43 615
43 622
43 652
43 660
43 694
43 711
43 731
43 744
43 755
43 763
43 779
43 786
43 791
43 798
43 822
43 835
43 857
43 881
43 890
43 898
43 906
43 923
43 928
43 933
43 939
43 966
43 988
43 1009
43 1028
43 1040
43 1058
43 1072
43 1080
43 1095
43 1111
43 1120
43 1156
43 1189
43 1205
43 1229
43 1269
43 1292
43 1304
43 1320
43 1340
43 1371
43 1381
43 1387
43 1417
43 1429
43 1471
43 1487
43 1492
43 1505
43 1525
43 1555
43 1599
43 1610
43 1626
43 1647
43 1656
43 1675
43 1701
43 1708
43 1716
43 1736
43 1754
43 1772
43 1794
43 1808
43 1839
43 1849
43 1858
43 1866
43 1896
44 25
44 31
44 51
44 68
44 122
44 131
44 144
44 158
44 172
44 183
44 200
44 254
44 289
44 314
44 319
44 324
44 336
44 351
44 368
44 377
44 384
44 397
44 411
44 420
44 431
44 456
44 474
44 481
44 503
44 513
44 522
44 532
44 544
44 554
44 564
44 572
44 584
44 595
44 608
44 618
44 623
44 638
44 651
44 658
44 664
44 701
44 717
44 723
44 735
44 763
44 770
44 792
44 801
44 813
44 818
44 825
44 854
44 858
44 867
44 891
44 983
44 997
44 1025
44 1036
44 1043
44 1053
44 1063
44 1075
44 1085
44 1093
44 1099
44 1111
44 1121
44 1157
44 1170
44 1202
44 1212
44 1235
44 1241
44 1251
44 1286
44 1300
44 1333
44 1349
44 1359
44 1372
44 1380
44 1387
44 1397
44 1416
44 1462
44 1482
44 1489
44 1505
44 1538
44 1548
44 1598
44 1610
44 1659
44 1673
44 1683
44 1706
44 1724
44 1740
44 1758
44 1792
44 1814
44 1830
44 1837
44 1848
44 1865
44 1881
44 1892
45 22
45 27
45 100
45 107
45 139
45 166
45 178
45 184
45 276
45 284
45 318
45 323
45 334
45 349
45 360
45 378
45 391
45 419
45 432
45 438
45 448
45 462
45 476
45 493
45 503
45 507
45 515
45 526
45 543
45 552
45 568
45 580
45 603
45 619
45 628
45 634
45 642
45 658
45 668
45 682
45 699
45 707
45 755
45 765
45 789
45 810
45 822
45 843
45 857
45 866
45 884
45 914
45 920
45 929
45 941
45 957
45 963
45 974
45 1001
45 1011
45 1026
45 1033
45 1050
45 1061
45 1070
45 1077
45 1094
45 1117
45 1130
45 1157
45 1188
45 1203
45 1214
45 1224
45 1294
45 1305
45 1340
45 1351
45 1362
45 1373
45 1433
45 1501
45 1516
45 1552
45 1560
45 1595
45 1627
45 1651
45 1665
45 1675
45 1713
45 1721
45 1735
45 1744
45 1759
45 1771
45 1784
45 1802
45 1853
45 1861
45 1866
45 1875
45 1889
46 21
46 29
46 38
46 63
46 117
46 126
46 136
46 145
46 156
46 171
46 219
46 230
46 256
46 284
46 309
46 315
46 319
46 325
46 339
46 353
46 358
46 368
46 387
46 392
46 399
46 422
46 430
46 458
46 462
46 469
46 497
46 507
46 527
46 534
46 541
46 546
46 559
46 585
46 596
46 609
46 633
46 652
46 669
46 713
46 725
46 741
46 759
46 766
46 779
46 795
46 810
46 816
46 824
46 855
46 863
46 877
46 962
46 984
46 1027
46 1040
46 1052
46 1066
46 1072
46 1093
46 1111
46 1154
46 1166
46 1203
46 1209
46 1236
46 1252
46 1268
46 1294
46 1317
46 1330
46 1337
46 1347
46 1364
46 1373
46 1379
46 1416
46 1426
46 1437
46 1467
46 1485
46 1502
46 1528
46 1623
46 1631
46 1658
46 1668
46 1680
46 1689
46 1706
46 1733
46 1782
46 1790
46 1830
46 1836
46 1873
46 1889
47 19
47 26
47 75
47 105
47 119
47 135
47 157
47 168
47 187
47 295
47 316
47 333
47 342
47 347
47 354
47 368
47 375
47 389
47 404
47 417
47 431
47 436
47 449
47 460
47 470
47 477
47 488
47 513
47 521
47 541
47 553
47 577
47 605
47 619
47 628
47 643
47 658
47 674
47 684
47 701
47 710
47 721
47 731
47 749
47 762
47 784
47 787
47 791
47 821
47 827
47 852
47 858
47 870
47 889
47 906
47 922
47 929
47 934
47 957
47 964
47 989
47 1003
47 1027
47 1042
47 1052
47 1064
47 1091
47 1101
47 1117
47 1152
47 1182
47 1196
47 1212
47 1223
47 1293
47 1313
47 1328
47 1335
47 1344
47 1352
47 1411
47 1481
47 1532
47 1555
47 1566
47 1595
47 1611
47 1638
47 1668
47 1678
47 1719
47 1748
47 1787
47 1796
47 1804
47 1837
47 1870
47 1884
48 20
48 29
48 38
48 86
48 114
48 129
48 134
48 146
48 162
48 172
48 199
48 214
48 237
48 250
48 267
48 289
48 317
48 321
48 327
48 337
48 348
48 355
48 376
48 389
48 398
48 408
48 421
48 430
48 441
48 454
48 471
48 488
48 506
48 542
48 552
48 565
48 573
48 579
48 588
48 605
48 611
48 627
48 662
48 670
48 683
48 694
48 724
48 735
48 740
48 748
48 770
48 778
48 787
48 800
48 818
48 830
48 855
48 873
48 888
48 930
48 971
48 1068
48 1087
48 1115
48 1133
48 1156
48 1188
48 1202
48 1208
48 1219
48 1235
48 1240
48 1247
48 1324
48 1333
48 1355
48 1371
48 1454
48 1463
48 1499
48 1511
48 1554
48 1566
48 1609
48 1619
48 1635
48 1676
48 1687
48 1706
48 1742
48 1757
48 1790
48 1812
48 1827
48 1831
48 1875
49 19
49 28
49 53
49 94
49 107
49 120
49 130
49 156
49 168
49 272
49 284
49 313
49 319
49 324
49 333
49 346
49 351
49 365
49 372
49 388
49 396
49 408
49 428
49 434
49 459
49 472
49 484
49 494
49 517
49 527
49 542
49 546
49 557
49 579
49 615
49 627
49 636
49 650
49 657
49 664
49 674
49 683
49 705
49 723
49 745
49 754
49 763
49 782
49 789
49 802
49 822
49 835
49 863
49 868
49 885
49 904
49 921
49 929
49 957
49 988
49 997
49 1027
49 1034
49 1052
49 1086
49 1096
49 1135
49 1167
49 1188
49 1204
49 1222
49 1242
49 1296
49 1369
49 1389
49 1416
49 1461
49 1472
49 1499
49 1516
49 1527
49 1555
49 1563
49 1571
49 1599
49 1625
49 1631
49 1641
49 1676
49 1686
49 1715
49 1729
49 1751
49 1779
49 1811
49 1830
49 1870
49 1879
50 22
50 28
50 32
50 72
50 84
50 118
50 146
50 174
50 212
50 240
50 249
50 298
50 313
50 318
50 323
50 334
50 355
50 363
50 373
50 384
50 394
50 404
50 417
50 428
50 453
50 457
50 466
50 503
50 513
50 517
50 529
50 563
50 579
50 587
50 597
50 608
50 614
50 627
50 638
50 661
50 678
50 694
50 704
50 716
50 737
50 742
50 784
50 809
50 823
50 838
50 857
50 864
50 879
50 890
50 917
50 925
50 962
50 982
50 991
50 1029
50 1056
50 1078
50 1101
50 1149
50 1202
50 1206
50 1217
50 1238
50 1264
50 1317
50 1347
50 1374
50 1438
50 1454
50 1472
50 1488
50 1502
50 1570
50 1608
50 1616
50 1646
50 1696
50 1718
50 1741
50 1755
50 1784
50 1792
50 1829
50 1839
50 1857
50 1882
51 20
51 28
51 38
51 55
51 76
51 103
51 130
51 181
51 276
51 290
51 299
51 312
51 330
51 343
51 350
51 357
51 371
51 378
51 387
51 408
51 419
51 427
51 435
51 447
51 456
51 465
51 502
51 524
51 533
51 541
51 546
51 554
51 569
51 580
51 588
51 594
51 600
51 616
51 623
51 659
51 712
51 724
51 765
51 776
51 788
51 799
51 816
51 858
51 900
51 916
51 1018
51 1040
51 1071
51 1098
51 1120
51 1182
51 1192
51 1202
51 1211
51 1223
51 1269
51 1290
51 1308
51 1320
51 1347
51 1355
51 1364
51 1374
51 1401
51 1407
51 1412
51 1429
51 1441
51 1456
51 1487
51 1530
51 1574
51 1594
51 1605
51 1628
51 1646
51 1662
51 1679
51 1697
51 1704
51 1714
51 1720
51 1735
51 1784
51 1816
51 1838
51 1863
51 1872
51 1888
52 68
52 214
52 303
52 317
52 323
52 337
52 346
52 356
52 384
52 394
52 402
52 420
52 454
52 470
52 487
52 507
52 512
52 520
52 527
52 552
52 562
52 569
52 578
52 582
52 592
52 602
52 613
52 625
52 632
52 639
52 649
52 665
52 668
52 675
52 682
52 699
52 709
52 718
52 725
52 732
52 743
52 753
52 767
52 788
52 811
52 823
52 833
52 859
52 865
52 886
52 894
52 919
52 932
52 942
52 957
52 962
52 971
52 983
52 994
52 1002
52 1012
52 1021
52 1031
52 1041
52 1089
52 1094
52 1102
52 1107
52 1121
52 1132
52 1141
52 1152
52 1167
52 1179
52 1202
52 1208
52 1214
52 1237
52 1256
52 1272
52 1286
52 1300
52 1331
52 1337
52 1362
52 1381
52 1431
52 1455
52 1476
52 1609
52 1624
52 1631
52 1639
52 1670
52 1680
52 1685
52 1731
52 1739
52 1752
52 1763
52 1774
52 1808
52 1817
52 1834
52 1846
53 81
53 111
53 161
53 181
53 266
53 280
53 292
53 315
53 320
53 329
53 341
53 351
53 358
53 390
53 429
53 445
53 508
53 529
53 541
53 547
53 562
53 578
53 589
53 610
53 624
53 631
53 655
53 680
53 693
53 703
53 713
53 757
53 784
53 789
53 807
53 817
53 824
53 854
53 858
53 866
53 883
53 889
53 898
53 911
53 919
53 925
53 943
53 963
53 984
53 996
53 1008
53 1044
53 1060
53 1069
53 1113
53 1123
53 1141
53 1167
53 1176
53 1189
53 1201
53 1208
53 1240
53 1248
53 1255
53 1266
53 1305
53 1321
53 1332
53 1420
53 1450
53 1464
53 1473
53 1558
53 1584
53 1601
53 1611
53 1669
53 1676
53 1716
53 1721
53 1734
53 1787
53 1793
53 1826
53 1832
54 32
54 76
54 140
54 173
54 295
54 323
54 335
54 345
54 351
54 368
54 390
54 402
54 416
54 436
54 446
54 455
54 464
54 495
54 509
54 578
54 600
54 616
54 629
54 635
54 647
54 652
54 660
54 667
54 698
54 702
54 707
54 712
54 729
54 738
54 746
54 755
54 762
54 786
54 790
54 824
54 838
54 856
54 861
54 868
54 884
54 889
54 926
54 935
54 967
54 990
54 1016
54 1097
54 1149
54 1213
54 1222
54 1271
54 1281
54 1343
54 1405
54 1413
54 1433
54 1445
54 1494
54 1565
54 1609
54 1629
54 1640
54 1651
54 1676
54 1682
54 1696
54 1737
54 1750
54 1806
54 1836
54 1873
55 29
55 75
55 111
55 121
55 158
55 172
55 187
55 277
55 290
55 317
55 329
55 338
55 348
55 354
55 381
55 402
55 417
55 437
55 470
55 515
55 542
55 551
55 559
55 568
55 579
55 593
55 609
55 629
55 651
55 660
55 666
55 673
55 685
55 693
55 711
55 731
55 740
55 751
55 764
55 779
55 786
55 799
55 809
55 820
55 824
55 831
55 850
55 856
55 860
55 881
55 894
55 902
55 917
55 1213
55 1223
55 1268
55 1279
55 1404
55 1416
55 1470
55 1547
55 1557
55 1567
55 1592
55 1604
55 1626
55 1676
55 1736
55 1792
55 1819
55 1837
55 1881
56 28
56 37
56 50
56 78
56 134
56 164
56 170
56 181
56 223
56 281
56 288
56 308
56 328
56 341
56 348
56 385
56 399
56 405
56 417
56 421
56 430
56 449
56 466
56 505
56 589
56 618
56 627
56 656
56 667
56 680
56 688
56 705
56 714
56 725
56 743
56 756
56 773
56 786
56 808
56 820
56 823
56 835
56 856
56 866
56 881
56 891
56 970
56 994
56 1068
56 1113
56 1126
56 1188
56 1230
56 1239
56 1255
56 1302
56 1310
56 1370
56 1381
56 1402
56 1416
56 1439
56 1560
56 1610
56 1627
56 1638
56 1674
56 1683
56 1737
56 1790
56 1829
56 1856
56 1871
56 1890
57 27
57 74
57 130
57 166
57 187
57 225
57 272
57 280
57 291
57 316
57 332
57 341
57 378
57 406
57 466
57 482
57 555
57 581
57 610
57 632
57 654
57 672
57 687
57 706
57 715
57 737
57 748
57 773
57 783
57 787
57 806
57 812
57 818
57 825
57 835
57 863
57 878
57 891
57 901
57 938
57 1030
57 1071
57 1200
57 1307
57 1365
57 1382
57 1511
57 1556
57 1568
57 1601
57 1620
57 1679
57 1736
57 1791
57 1827
57 1834
57 1842
57 1891
58 31
58 39
58 154
58 166
58 172
58 284
58 304
58 322
58 347
58 367
58 379
58 389
58 414
58 428
58 448
58 548
58 572
58 581
58 599
58 622
58 649
58 662
58 706
58 714
58 733
58 746
58 757
58 766
58 774
58 784
58 795
58 808
58 814
58 825
58 858
58 924
58 982
58 1011
58 1095
58 1153
58 1303
58 1324
58 1355
58 1362
58 1383
58 1463
58 1485
58 1521
58 1567
58 1600
58 1632
58 1683
58 1702
58 1750
58 1808
58 1830
58 1844
59 21
59 28
59 78
59 112
59 123
59 135
59 147
59 156
59 167
59 181
59 278
59 290
59 314
59 354
59 394
59 418
59 437
59 488
59 508
59 515
59 548
59 609
59 693
59 702
59 713
59 732
59 742
59 749
59 759
59 773
59 786
59 841
59 964
59 1236
59 1370
59 1421
59 1438
59 1511
59 1530
59 1564
59 1597
59 1617
59 1638
59 1688
59 1747
60 18
60 23
60 29
60 36
60 74
60 132
60 144
60 155
60 176
60 283
60 334
60 371
60 387
60 406
60 415
60 423
60 435
60 466
60 507
60 545
60 563
60 619
60 629
60 636
60 651
60 677
60 705
60 724
60 739
60 748
60 756
60 785
60 808
60 826
60 866
60 889
60 1140
60 1312
60 1352
60 1374
60 1381
60 1397
60 1432
60 1448
60 1497
60 1577
60 1600
60 1633
60 1685
60 1832
61 16
61 22
61 30
61 74
61 107
61 133
61 142
61 178
61 203
61 235
61 256
61 279
61 290
61 318
61 332
61 365
61 397
61 409
61 437
61 465
61 495
61 505
61 529
61 540
61 554
61 568
61 619
61 700
61 725
61 740
61 757
61 768
61 784
61 906
61 931
61 961
61 992
61 1029
61 1050
61 1177
61 1187
61 1220
61 1254
61 1276
61 1291
61 1310
61 1344
61 1351
61 1361
61 1373
61 1411
61 1421
61 1516
61 1529
61 1563
61 1594
61 1627
61 1737
61 1848
62 133
62 139
62 172
62 184
62 203
62 236
62 250
62 353
62 390
62 399
62 410
62 448
62 496
62 535
62 549
62 593
62 628
62 636
62 648
62 654
62 673
62 703
62 752
62 766
62 792
62 823
62 840
62 856
62 861
62 900
62 951
62 966
62 995
62 1023
62 1095
62 1103
62 1128
62 1204
62 1241
62 1260
62 1288
62 1350
62 1363
62 1369
62 1382
62 1426
62 1465
62 1483
62 1496
62 1601
62 1610
62 1790
62 1838
63 17
63 25
63 54
63 67
63 79
63 90
63 104
63 112
63 125
63 151
63 289
63 314
63 387
63 397
63 416
63 460
63 477
63 506
63 514
63 529
63 580
63 609
63 620
63 659
63 681
63 697
63 721
63 740
63 773
63 901
63 915
63 1059
63 1076
63 1109
63 1115
63 1152
63 1171
63 1179
63 1204
63 1259
63 1272
63 1368
63 1384
63 1414
63 1427
63 1462
63 1493
63 1527
63 1715
63 1837
63 1846
63 1888
64 27
64 44
64 74
64 193
64 252
64 346
64 383
64 389
64 396
64 431
64 458
64 478
64 517
64 529
64 533
64 540
64 576
64 583
64 597
64 629
64 640
64 652
64 754
64 788
64 810
64 830
64 843
64 863
64 873
64 906
64 931
64 986
64 994
64 1003
64 1044
64 1058
64 1093
64 1116
64 1129
64 1136
64 1146
64 1186
64 1211
64 1224
64 1251
64 1274
64 1283
64 1289
64 1312
64 1322
64 1331
64 1341
64 1362
64 1380
64 1424
64 1469
64 1487
64 1599
64 1848
65 231
65 246
65 285
65 319
65 340
65 370
65 391
65 419
65 436
65 503
65 525
65 545
65 556
65 619
65 633
65 678
65 704
65 721
65 730
65 767
65 793
65 821
65 853
65 860
65 901
65 918
65 943
65 961
65 1004
65 1017
65 1036
65 1062
65 1090
65 1100
65 1116
65 1177
65 1183
65 1202
65 1266
65 1365
65 1417
65 1473
65 1515
65 1572
65 1607
65 1671
65 1767
65 1836
65 1850
66 102
66 135
66 157
66 169
66 183
66 220
66 277
66 288
66 321
66 379
66 402
66 420
66 441
66 484
66 509
66 543
66 612
66 623
66 631
66 721
66 754
66 759
66 765
66 777
66 795
66 807
66 820
66 844
66 868
66 920
66 930
66 1002
66 1015
66 1025
66 1067
66 1097
66 1120
66 1137
66 1188
66 1209
66 1243
66 1269
66 1292
66 1308
66 1323
66 1336
66 1384
66 1430
66 1465
66 1478
66 1529
67 27
67 43
67 66
67 80
67 92
67 187
67 203
67 229
67 256
67 289
67 323
67 346
67 370
67 392
67 402
67 446
67 503
67 517
67 534
67 543
67 555
67 578
67 622
67 695
67 725
67 842
67 860
67 903
67 943
67 1001
67 1057
67 1070
67 1092
67 1104
67 1131
67 1179
67 1187
67 1240
67 1254
67 1264
67 1269
67 1277
67 1328
67 1374
67 1384
67 1456
67 1476
67 1850
68 24
68 31
68 98
68 120
68 147
68 158
68 214
68 252
68 323
68 378
68 394
68 404
68 413
68 442
68 451
68 492
68 526
68 532
68 539
68 555
68 624
68 629
68 671
68 680
68 740
68 762
68 784
68 798
68 810
68 828
68 838
68 857
68 868
68 898
68 915
68 930
68 958
68 1003
68 1022
68 1054
68 1060
68 1070
68 1091
68 1113
68 1191
68 1283
68 1307
68 1322
68 1331
68 1365
68 1374
68 1432
68 1465
68 1484
68 1518
68 1749
69 22
69 69
69 93
69 213
69 246
69 321
69 379
69 396
69 405
69 443
69 480
69 496
69 525
69 532
69 544
69 574
69 617
69 684
69 696
69 726
69 741
69 755
69 763
69 785
69 794
69 802
69 813
69 856
69 898
69 937
69 953
69 1033
69 1071
69 1094
69 1119
69 1135
69 1177
69 1203
69 1245
69 1268
69 1281
69 1306
69 1319
69 1333
69 1367
69 1379
69 1454
69 1553
69 1594
69 1605
69 1707
70 61
70 70
70 97
70 122
70 203
70 211
70 239
70 258
70 318
70 375
70 387
70 407
70 436
70 450
70 528
70 545
70 582
70 620
70 627
70 683
70 745
70 757
70 763
70 776
70 784
70 792
70 808
70 822
70 831
70 859
70 892
70 923
70 931
70 939
70 1005
70 1020
70 1067
70 1071
70 1078
70 1091
70 1137
70 1189
70 1205
70 1294
70 1315
70 1324
70 1334
70 1366
70 1382
70 1419
70 1451
70 1473
70 1525
70 1794
70 1847
71 68
71 153
71 227
71 359
71 369
71 396
71 431
71 472
71 487
71 507
71 517
71 535
71 544
71 552
71 618
71 723
71 739
71 752
71 760
71 795
71 812
71 824
71 858
71 902
71 981
71 1005
71 1056
71 1066
71 1073
71 1088
71 1125
71 1176
71 1185
71 1212
71 1250
71 1264
71 1308
71 1324
71 1364
71 1373
71 1422
71 1480
71 1510
71 1685
72 26
72 79
72 108
72 211
72 253
72 299
72 379
72 401
72 408
72 435
72 447
72 524
72 533
72 543
72 553
72 570
72 617
72 623
72 631
72 675
72 683
72 733
72 751
72 757
72 764
72 783
72 788
72 796
72 808
72 822
72 842
72 853
72 859
72 918
72 927
72 936
72 1009
72 1032
72 1061
72 1072
72 1090
72 1105
72 1131
72 1137
72 1180
72 1203
72 1243
72 1273
72 1283
72 1293
72 1306
72 1313
72 1331
72 1418
72 1450
72 1457
72 1486
72 1525
73 74
73 103
73 115
73 253
73 374
73 387
73 394
73 441
73 457
73 501
73 518
73 541
73 552
73 608
73 617
73 633
73 690
73 738
73 746
73 756
73 786
73 790
73 795
73 838
73 919
73 982
73 1004
73 1053
73 1064
73 1111
73 1204
73 1241
73 1327
73 1359
73 1398
73 1421
73 1478
73 1590
73 1756
74 69
74 95
74 119
74 378
74 403
74 429
74 451
74 486
74 507
74 516
74 532
74 544
74 563
74 630
74 650
74 696
74 726
74 754
74 762
74 769
74 794
74 800
74 810
74 822
74 853
74 915
74 926
74 957
74 1019
74 1027
74 1042
74 1050
74 1056
74 1071
74 1078
74 1090
74 1109
74 1127
74 1141
74 1176
74 1191
74 1284
74 1292
74 1316
74 1387
74 1461
74 1515
74 1530
74 1644
75 228
75 257
75 265
75 351
75 381
75 391
75 400
75 404
75 446
75 455
75 500
75 513
75 540
75 618
75 627
75 751
75 756
75 762
75 772
75 786
75 798
75 807
75 815
75 844
75 857
75 878
75 905
75 936
75 984
75 1033
75 1052
75 1060
75 1095
75 1185
75 1236
75 1353
75 1369
75 1378
75 1419
75 1557
75 1805
76 52
76 104
76 169
76 388
76 394
76 404
76 414
76 459
76 500
76 539
76 579
76 621
76 631
76 687
76 735
76 758
76 764
76 799
76 848
76 887
76 914
76 973
76 1008
76 1023
76 1097
76 1107
76 1131
76 1144
76 1200
76 1317
76 1336
76 1382
76 1418
76 1445
76 1462
76 1484
76 1510
76 1686
76 1728
76 1832
77 97
77 321
77 371
77 383
77 398
77 430
77 442
77 465
77 482
77 500
77 521
77 616
77 622
77 632
77 726
77 755
77 792
77 814
77 823
77 838
77 857
77 905
77 944
77 1034
77 1061
77 1095
77 1104
77 1191
77 1255
77 1293
77 1375
77 1417
77 1452
78 385
78 412
78 448
78 504
78 540
78 549
78 630
78 650
78 692
78 702
78 764
78 775
78 802
78 860
78 873
78 915
78 928
78 966
78 1007
78 1060
78 1094
78 1119
78 1131
78 1178
78 1217
78 1242
78 1313
78 1334
78 1373
78 1460
78 1491
78 1502
78 1529
78 1623
79 222
79 280
79 355
79 383
79 393
79 417
79 430
79 437
79 450
79 465
79 521
79 626
79 679
79 711
79 744
79 824
79 854
79 904
79 912
79 934
79 970
79 1031
79 1057
79 1098
79 1128
79 1143
79 1182
79 1265
79 1372
79 1413
79 1436
79 1451
79 1469
79 1677
79 1691
79 1795
80 127
80 172
80 383
80 407
80 454
80 502
80 508
80 530
80 536
80 546
80 571
80 609
80 633
80 651
80 814
80 833
80 882
80 925
80 940
80 1092
80 1126
80 1187
80 1205
80 1215
80 1325
80 1338
80 1373
80 1381
80 1453
80 1461
80 1484
80 1521
81 51
81 374
81 386
81 400
81 416
81 493
81 513
81 539
81 545
81 562
81 618
81 628
81 696
81 735
81 759
81 772
81 788
81 861
81 916
81 928
81 967
81 988
81 1044
81 1082
81 1103
81 1121
81 1131
81 1172
81 1261
81 1275
81 1283
81 1290
81 1307
81 1316
81 1352
81 1365
81 1409
81 1454
81 1460
81 1514
81 1598
81 1753
82 87
82 255
82 356
82 384
82 406
82 441
82 452
82 479
82 515
82 532
82 572
82 620
82 629
82 651
82 726
82 738
82 748
82 757
82 764
82 773
82 785
82 791
82 807
82 811
82 830
82 841
82 851
82 912
82 929
82 942
82 1115
82 1129
82 1192
82 1241
82 1250
82 1263
82 1289
82 1296
82 1321
82 1334
82 1373
82 1417
82 1443
82 1457
82 1473
82 1513
82 1524
83 215
83 374
83 400
83 415
83 454
83 467
83 515
83 521
83 533
83 567
83 623
83 680
83 723
83 735
83 750
83 758
83 770
83 786
83 798
83 811
83 820
83 842
83 868
83 914
83 920
83 983
83 1002
83 1056
83 1080
83 1106
83 1125
83 1140
83 1174
83 1239
83 1260
83 1293
83 1315
83 1325
83 1335
83 1368
83 1410
83 1436
83 1462
83 1494
83 1629
83 1669
83 1680
83 1730
84 22
84 390
84 398
84 415
84 437
84 451
84 478
84 507
84 527
84 548
84 566
84 618
84 627
84 705
84 729
84 749
84 763
84 774
84 794
84 808
84 817
84 825
84 852
84 861
84 885
84 924
84 932
84 1003
84 1023
84 1030
84 1040
84 1056
84 1072
84 1094
84 1114
84 1185
84 1202
84 1260
84 1298
84 1309
84 1320
84 1384
84 1414
84 1447
84 1468
84 1532
84 1564
85 160
85 317
85 352
85 367
85 402
85 418
85 465
85 500
85 520
85 547
85 584
85 611
85 619
85 640
85 716
85 739
85 783
85 826
85 900
85 921
85 981
85 995
85 1098
85 1106
85 1118
85 1174
85 1189
85 1256
85 1286
85 1291
85 1304
85 1317
85 1346
85 1408
85 1418
85 1453
85 1464
85 1473
85 1499
85 1794
85 1847
86 191
86 249
86 376
86 393
86 408
86 457
86 478
86 501
86 531
86 562
86 625
86 683
86 708
86 750
86 763
86 797
86 807
86 822
86 839
86 859
86 890
86 931
86 943
86 990
86 1050
86 1061
86 1074
86 1091
86 1130
86 1151
86 1187
86 1239
86 1275
86 1305
86 1320
86 1329
86 1342
86 1376
86 1453
86 1458
86 1487
86 1517
86 1538
86 1625
86 1717
87 83
87 363
87 393
87 404
87 435
87 449
87 463
87 514
87 525
87 584
87 620
87 647
87 736
87 757
87 761
87 769
87 784
87 795
87 811
87 817
87 911
87 920
87 935
87 982
87 1029
87 1047
87 1070
87 1073
87 1117
87 1128
87 1176
87 1188
87 1201
87 1208
87 1247
87 1292
87 1312
87 1324
87 1363
87 1380
87 1417
87 1426
87 1455
87 1464
87 1487
88 137
88 384
88 394
88 402
88 412
88 419
88 452
88 459
88 501
88 510
88 525
88 555
88 571
88 616
88 624
88 723
88 736
88 762
88 788
88 795
88 813
88 822
88 831
88 853
88 878
88 893
88 926
88 948
88 1008
88 1050
88 1068
88 1096
88 1117
88 1134
88 1204
88 1268
88 1281
88 1288
88 1300
88 1313
88 1321
88 1332
88 1381
88 1420
88 1455
88 1474
88 1522
88 1529
88 1565
89 106
89 126
89 302
89 360
89 370
89 379
89 391
89 404
89 420
89 501
89 520
89 545
89 556
89 579
89 628
89 648
89 681
89 754
89 760
89 785
89 798
89 810
89 914
89 919
89 972
89 1016
89 1039
89 1061
89 1083
89 1111
89 1123
89 1179
89 1186
89 1212
89 1241
89 1311
89 1352
89 1368
89 1395
89 1417
89 1463
89 1474
89 1509
89 1528
89 1680
90 34
90 366
90 384
90 391
90 399
90 413
90 420
90 456
90 474
90 506
90 550
90 563
90 617
90 625
90 679
90 735
90 759
90 768
90 775
90 792
90 801
90 822
90 834
90 860
90 918
90 932
90 941
90 1023
90 1071
90 1077
90 1098
90 1121
90 1134
90 1171
90 1203
90 1294
90 1302
90 1326
90 1337
90 1371
90 1415
90 1500
90 1528
90 1706
90 1842
91 177
91 189
91 363
91 375
91 387
91 394
91 402
91 414
91 435
91 508
91 535
91 545
91 556
91 566
91 613
91 624
91 632
91 737
91 752
91 763
91 786
91 794
91 811
91 820
91 826
91 865
91 890
91 922
91 929
91 983
91 1032
91 1057
91 1070
91 1088
91 1113
91 1121
91 1174
91 1203
91 1235
91 1272
91 1308
91 1323
91 1363
91 1406
91 1416
91 1447
91 1481
91 1490
91 1506
91 1516
91 1532
91 1637
91 1652
91 1758
92 94
92 288
92 356
92 373
92 380
92 390
92 396
92 408
92 416
92 425
92 462
92 490
92 511
92 539
92 549
92 571
92 580
92 617
92 644
92 677
92 718
92 765
92 783
92 794
92 799
92 857
92 881
92 922
92 938
92 956
92 1014
92 1052
92 1070
92 1102
92 1115
92 1125
92 1180
92 1189
92 1203
92 1265
92 1286
92 1310
92 1323
92 1370
92 1418
92 1435
92 1498
92 1508
92 1513
92 1528
92 1813
93 363
93 372
93 378
93 390
93 408
93 416
93 430
93 451
93 460
93 501
93 516
93 525
93 546
93 619
93 627
93 675
93 701
93 749
93 755
93 765
93 781
93 787
93 796
93 836
93 860
93 895
93 918
93 924
93 1001
93 1026
93 1054
93 1064
93 1088
93 1128
93 1133
93 1153
93 1199
93 1210
93 1270
93 1291
93 1321
93 1334
93 1351
93 1377
93 1388
93 1417
93 1476
93 1490
93 1504
93 1522
94 28
94 62
94 158
94 233
94 362
94 375
94 383
94 391
94 407
94 415
94 421
94 457
94 465
94 506
94 539
94 547
94 559
94 573
94 621
94 632
94 646
94 701
94 733
94 757
94 761
94 767
94 775
94 793
94 800
94 811
94 819
94 856
94 861
94 918
94 926
94 940
94 960
94 1020
94 1048
94 1058
94 1071
94 1097
94 1133
94 1172
94 1177
94 1190
94 1233
94 1308
94 1331
94 1339
94 1363
94 1411
94 1424
94 1451
94 1472
94 1482
94 1488
94 1506
94 1524
94 1531
94 1574
95 356
95 364
95 373
95 384
95 392
95 407
95 419
95 430
95 451
95 459
95 501
95 507
95 518
95 550
95 578
95 611
95 617
95 737
95 749
95 756
95 764
95 783
95 789
95 795
95 839
95 855
95 905
95 921
95 985
95 999
95 1026
95 1057
95 1065
95 1071
95 1084
95 1111
95 1118
95 1166
95 1174
95 1191
95 1205
95 1249
95 1273
95 1283
95 1299
95 1305
95 1312
95 1321
95 1332
95 1373
95 1390
95 1416
95 1452
95 1462
95 1471
95 1487
95 1498
95 1507
95 1530
95 1546
95 1632
95 1643
95 1709
95 1760
96 82
96 200
96 361
96 389
96 396
96 403
96 411
96 419
96 436
96 451
96 456
96 493
96 503
96 511
96 522
96 560
96 620
96 627
96 724
96 755
96 765
96 778
96 785
96 811
96 822
96 843
96 860
96 866
96 919
96 929
96 943
96 966
96 1002
96 1040
96 1052
96 1057
96 1064
96 1071
96 1080
96 1123
96 1129
96 1180
96 1189
96 1248
96 1262
96 1270
96 1286
96 1293
96 1303
96 1339
96 1364
96 1377
96 1409
96 1419
96 1432
96 1444
96 1465
96 1484
96 1490
96 1529
96 1542
96 1551
97 130
97 288
97 345
97 352
97 370
97 381
97 395
97 405
97 418
97 423
97 430
97 445
97 456
97 463
97 475
97 491
97 538
97 552
97 581
97 604
97 611
97 622
97 645
97 680
97 696
97 709
97 723
97 748
97 756
97 764
97 795
97 801
97 814
97 856
97 892
97 922
97 930
97 1015
97 1041
97 1050
97 1062
97 1079
97 1100
97 1115
97 1128
97 1165
97 1178
97 1194
97 1231
97 1237
97 1334
97 1342
97 1364
97 1373
97 1382
97 1415
97 1419
97 1429
97 1440
97 1463
97 1483
97 1488
97 1508
97 1529
97 1545
97 1673
97 1838
98 50
98 352
98 359
98 366
98 390
98 398
98 407
98 413
98 422
98 437
98 454
98 462
98 476
98 488
98 503
98 510
98 527
98 546
98 571
98 584
98 624
98 635
98 678
98 696
98 703
98 709
98 755
98 759
98 770
98 786
98 792
98 798
98 817
98 859
98 868
98 916
98 924
98 988
98 1029
98 1040
98 1050
98 1061
98 1071
98 1081
98 1094
98 1105
98 1127
98 1133
98 1179
98 1250
98 1261
98 1277
98 1289
98 1301
98 1310
98 1326
98 1332
98 1339
98 1346
98 1364
98 1396
98 1408
98 1415
98 1428
98 1454
98 1488
98 1504
98 1529
98 1554
98 1565
98 1608
99 265
99 325
99 352
99 363
99 371
99 378
99 387
99 393
99 411
99 424
99 449
99 454
99 470
99 480
99 499
99 516
99 531
99 541
99 551
99 565
99 575
99 620
99 628
99 637
99 686
99 693
99 700
99 724
99 738
99 749
99 763
99 773
99 785
99 793
99 835
99 840
99 846
99 901
99 915
99 922
99 985
99 1031
99 1060
99 1077
99 1106
99 1121
99 1134
99 1169
99 1175
99 1184
99 1192
99 1240
99 1247
99 1274
99 1283
99 1292
99 1303
99 1317
99 1338
99 1352
99 1368
99 1385
99 1395
99 1416
99 1454
99 1469
99 1477
99 1508
99 1543
99 1554
99 1751
100 178
100 345
100 354
100 369
100 379
100 397
100 411
100 416
100 420
100 431
100 464
100 480
100 493
100 502
100 508
100 521
100 545
100 563
100 579
100 591
100 603
100 621
100 629
100 642
100 677
100 691
100 697
100 713
100 728
100 764
100 773
100 793
100 813
100 821
100 827
100 856
100 859
100 864
100 894
100 926
100 931
100 940
100 1030
100 1041
100 1059
100 1107
100 1119
100 1127
100 1137
100 1177
100 1187
100 1241
100 1247
100 1253
100 1263
100 1270
100 1288
100 1320
100 1329
100 1335
100 1343
100 1365
100 1373
100 1381
100 1420
100 1438
100 1461
100 1500
100 1543
100 1553
100 1567
101 77
101 119
101 249
101 338
101 347
101 356
101 372
101 385
101 391
101 397
101 409
101 417
101 427
101 454
101 486
101 493
101 499
101 507
101 519
101 532
101 541
101 546
101 560
101 572
101 580
101 594
101 623
101 629
101 636
101 680
101 687
101 695
101 715
101 724
101 737
101 746
101 760
101 766
101 771
101 783
101 795
101 808
101 815
101 823
101 837
101 855
101 860
101 896
101 914
101 920
101 965
101 1018
101 1071
101 1097
101 1130
101 1172
101 1178
101 1201
101 1236
101 1241
101 1249
101 1279
101 1292
101 1304
101 1322
101 1328
101 1334
101 1340
101 1363
101 1373
101 1382
101 1392
101 1428
101 1449
101 1461
101 1467
101 1528
101 1552
101 1589
101 1597
101 1667
101 1682
101 1791
102 29
102 343
102 352
102 360
102 368
102 393
102 416
102 423
102 431
102 440
102 455
102 463
102 475
102 493
102 506
102 513
102 518
102 532
102 545
102 558
102 564
102 574
102 583
102 594
102 608
102 620
102 628
102 633
102 649
102 681
102 696
102 723
102 737
102 749
102 765
102 789
102 809
102 820
102 827
102 851
102 855
102 859
102 867
102 894
102 911
102 923
102 929
102 934
102 963
102 1000
102 1005
102 1081
102 1116
102 1127
102 1133
102 1165
102 1184
102 1191
102 1216
102 1240
102 1251
102 1266
102 1324
102 1336
102 1342
102 1353
102 1364
102 1374
102 1382
102 1413
102 1418
102 1431
102 1487
102 1528
102 1535
102 1556
102 1719
103 178
103 325
103 337
103 355
103 363
103 371
103 387
103 394
103 403
103 415
103 421
103 434
103 447
103 453
103 457
103 462
103 479
103 499
103 505
103 509
103 529
103 535
103 543
103 556
103 563
103 574
103 580
103 594
103 608
103 630
103 635
103 641
103 679
103 684
103 697
103 707
103 714
103 738
103 750
103 763
103 769
103 783
103 789
103 796
103 811
103 825
103 837
103 855
103 867
103 902
103 915
103 924
103 941
103 982
103 989
103 1020
103 1027
103 1039
103 1057
103 1071
103 1090
103 1106
103 1118
103 1128
103 1132
103 1151
103 1164
103 1171
103 1177
103 1184
103 1190
103 1288
103 1302
103 1308
103 1320
103 1335
103 1344
103 1356
103 1402
103 1411
103 1463
103 1473
103 1499
103 1508
103 1530
103 1547
103 1634
103 1669
103 1847
103 1880
104 284
104 314
104 344
104 351
104 371
104 379
104 390
104 401
104 413
104 428
104 433
104 441
104 477
104 489
104 497
104 507
104 539
104 545
104 561
104 579
104 584
104 594
104 609
104 618
104 637
104 642
104 651
104 676
104 695
104 701
104 710
104 724
104 734
104 760
104 774
104 782
104 788
104 821
104 837
104 846
104 856
104 860
104 879
104 892
104 901
104 933
104 940
104 952
104 962
104 988
104 1001
104 1014
104 1059
104 1102
104 1115
104 1127
104 1132
104 1172
104 1182
104 1205
104 1238
104 1251
104 1267
104 1280
104 1290
104 1303
104 1310
104 1317
104 1324
104 1369
104 1375
104 1386
104 1422
104 1440
104 1454
104 1462
104 1526
104 1530
104 1543
104 1564
104 1773
105 87
105 228
105 346
105 353
105 359
105 381
105 394
105 404
105 417
105 424
105 447
105 458
105 464
105 478
105 503
105 508
105 515
105 528
105 564
105 579
105 616
105 626
105 640
105 648
105 658
105 667
105 676
105 680
105 698
105 706
105 720
105 730
105 739
105 758
105 767
105 785
105 809
105 816
105 823
105 830
105 853
105 865
105 887
105 905
105 913
105 921
105 937
105 965
105 984
105 1003
105 1054
105 1072
105 1096
105 1105
105 1115
105 1122
105 1130
105 1150
105 1172
105 1178
105 1186
105 1204
105 1208
105 1215
105 1221
105 1239
105 1250
105 1263
105 1270
105 1281
105 1289
105 1299
105 1303
105 1335
105 1343
105 1357
105 1412
105 1416
105 1485
105 1505
105 1521
105 1527
106 141
106 359
106 364
106 370
106 402
106 409
106 416
106 429
106 436
106 443
106 459
106 465
106 476
106 488
106 515
106 523
106 537
106 546
106 553
106 570
106 588
106 639
106 673
106 679
106 684
106 696
106 700
106 707
106 726
106 737
106 747
106 756
106 783
106 788
106 795
106 813
106 821
106 827
106 838
106 854
106 857
106 861
106 866
106 891
106 918
106 925
106 934
106 944
106 955
106 1002
106 1020
106 1028
106 1043
106 1057
106 1075
106 1081
106 1091
106 1097
106 1115
106 1128
106 1132
106 1137
106 1157
106 1173
106 1188
106 1218
106 1232
106 1248
106 1256
106 1262
106 1273
106 1290
106 1320
106 1368
106 1387
106 1402
106 1432
106 1474
106 1498
106 1509
106 1526
106 1551
106 1585
106 1822
107 354
107 359
107 376
107 386
107 404
107 414
107 422
107 439
107 455
107 462
107 491
107 506
107 513
107 518
107 554
107 563
107 573
107 579
107 596
107 617
107 643
107 651
107 697
107 706
107 713
107 723
107 734
107 746
107 757
107 764
107 780
107 791
107 797
107 811
107 819
107 823
107 832
107 855
107 865
107 882
107 905
107 925
107 932
107 936
107 942
107 978
107 987
107 1019
107 1027
107 1032
107 1042
107 1056
107 1072
107 1083
107 1096
107 1107
107 1116
107 1123
107 1129
107 1153
107 1169
107 1185
107 1206
107 1285
107 1290
107 1363
107 1368
107 1377
107 1411
107 1457
107 1465
107 1482
107 1491
107 1507
107 1629
107 1691
107 1717
108 30
108 74
108 181
108 377
108 406
108 417
108 428
108 437
108 449
108 459
108 469
108 478
108 492
108 508
108 513
108 520
108 527
108 545
108 583
108 592
108 600
108 620
108 651
108 667
108 694
108 698
108 706
108 724
108 735
108 745
108 753
108 766
108 779
108 784
108 789
108 811
108 822
108 832
108 839
108 855
108 864
108 873
108 886
108 894
108 921
108 933
108 954
108 958
108 965
108 979
108 989
108 1000
108 1008
108 1020
108 1055
108 1077
108 1090
108 1098
108 1104
108 1127
108 1134
108 1188
108 1197
108 1244
108 1254
108 1267
108 1332
108 1337
108 1344
108 1366
108 1432
108 1460
108 1473
108 1482
108 1491
108 1528
109 231
109 281
109 306
109 324
109 358
109 376
109 396
109 408
109 414
109 419
109 427
109 459
109 464
109 476
109 488
109 497
109 508
109 519
109 542
109 546
109 554
109 564
109 573
109 579
109 619
109 633
109 639
109 667
109 677
109 699
109 708
109 724
109 730
109 736
109 748
109 759
109 765
109 778
109 785
109 791
109 807
109 819
109 826
109 833
109 841
109 853
109 857
109 864
109 875
109 900
109 922
109 933
109 940
109 958
109 983
109 989
109 1001
109 1010
109 1023
109 1039
109 1063
109 1070
109 1075
109 1088
109 1095
109 1103
109 1111
109 1134
109 1206
109 1219
109 1240
109 1286
109 1292
109 1300
109 1309
109 1328
109 1334
109 1386
109 1393
109 1433
109 1453
109 1461
109 1467
109 1505
109 1766
110 363
110 385
110 396
110 415
110 421
110 434
110 449
110 465
110 476
110 492
110 505
110 511
110 522
110 531
110 540
110 554
110 571
110 589
110 609
110 620
110 647
110 656
110 674
110 695
110 705
110 726
110 754
110 775
110 794
110 818
110 824
110 832
110 854
110 879
110 901
110 915
110 927
110 956
110 996
110 1005
110 1017
110 1022
110 1041
110 1049
110 1055
110 1061
110 1077
110 1101
110 1122
110 1157
110 1177
110 1190
110 1215
110 1244
110 1264
110 1273
110 1281
110 1288
110 1311
110 1381
110 1416
110 1426
110 1439
110 1449
110 1459
110 1487
110 1505
110 1526
110 1541
111 359
111 366
111 384
111 401
111 414
111 420
111 428
111 455
111 459
111 465
111 478
111 497
111 510
111 529
111 540
111 546
111 580
111 585
111 593
111 611
111 622
111 628
111 636
111 653
111 669
111 696
111 711
111 723
111 740
111 756
111 773
111 793
111 811
111 829
111 865
111 1038
111 1051
111 1071
111 1090
111 1106
111 1134
111 1204
111 1208
111 1235
111 1244
111 1270
111 1286
111 1350
111 1363
111 1395
111 1403
111 1411
111 1432
111 1446
111 1456
111 1497
111 1594
111 1687
111 1818
111 1850
112 250
112 383
112 391
112 403
112 419
112 427
112 455
112 465
112 488
112 501
112 506
112 525
112 531
112 538
112 544
112 560
112 571
112 580
112 595
112 607
112 626
112 637
112 646
112 652
112 661
112 676
112 699
112 708
112 716
112 753
112 786
112 795
112 801
112 823
112 837
112 844
112 853
112 877
112 893
112 903
112 913
112 922
112 932
112 941
112 950
112 958
112 966
112 980
112 987
112 991
112 1003
112 1022
112 1048
112 1055
112 1131
112 1154
112 1167
112 1176
112 1183
112 1211
112 1233
112 1237
112 1263
112 1338
112 1367
112 1376
112 1382
112 1400
112 1415
112 1434
112 1466
112 1476
112 1490
112 1503
112 1513
112 1529
112 1734
113 59
113 200
113 359
113 377
113 410
113 417
113 430
113 461
113 467
113 476
113 490
113 506
113 513
113 524
113 535
113 546
113 562
113 567
113 581
113 594
113 607
113 616
113 639
113 664
113 677
113 684
113 692
113 698
113 720
113 727
113 735
113 749
113 759
113 767
113 784
113 810
113 1081
113 1096
113 1103
113 1112
113 1120
113 1132
113 1140
113 1174
113 1183
113 1205
113 1214
113 1273
113 1285
113 1297
113 1306
113 1331
113 1344
113 1352
113 1371
113 1391
113 1414
113 1426
113 1461
113 1492
114 26
114 99
114 347
114 393
114 415
114 423
114 433
114 453
114 476
114 492
114 509
114 519
114 532
114 544
114 552
114 557
114 586
114 599
114 615
114 623
114 631
114 646
114 651
114 664
114 670
114 676
114 695
114 700
114 712
114 729
114 753
114 761
114 769
114 790
114 797
114 809
114 822
114 831
114 838
114 853
114 856
114 860
114 867
114 886
114 897
114 910
114 918
114 927
114 954
114 958
114 963
114 984
114 991
114 1002
114 1010
114 1019
114 1028
114 1046
114 1051
114 1059
114 1070
114 1087
114 1095
114 1113
114 1131
114 1176
114 1186
114 1256
114 1285
114 1303
114 1321
114 1328
114 1332
114 1344
114 1383
114 1415
114 1429
114 1459
114 1469
114 1494
114 1527
114 1786
115 392
115 414
115 419
115 449
115 464
115 499
115 509
115 520
115 527
115 534
115 560
115 580
115 589
115 600
115 614
115 631
115 639
115 652
115 665
115 674
115 697
115 712
115 727
115 757
115 764
115 779
115 789
115 824
115 833
115 857
115 892
115 928
115 952
115 964
115 1005
115 1017
115 1044
115 1062
115 1079
115 1102
115 1128
115 1212
115 1222
115 1240
115 1258
115 1276
115 1286
115 1294
115 1340
115 1354
115 1368
115 1376
115 1383
115 1437
115 1469
115 1498
115 1594
116 253
116 298
116 390
116 426
116 464
116 545
116 552
116 577
116 591
116 603
116 635
116 660
116 678
116 689
116 703
116 709
116 716
116 745
116 752
116 766
116 780
116 785
116 791
116 822
116 831
116 856
116 864
116 903
116 942
116 984
116 1018
116 1153
116 1175
116 1205
116 1211
116 1238
116 1244
116 1252
116 1260
116 1286
116 1297
116 1330
116 1337
116 1381
116 1389
116 1417
116 1446
116 1501
116 1508
116 1514
116 1660
116 1700
116 1834
117 35
117 177
117 212
117 376
117 406
117 435
117 458
117 503
117 535
117 548
117 578
117 594
117 600
117 616
117 629
117 636
117 647
117 661
117 668
117 676
117 683
117 698
117 711
117 729
117 755
117 760
117 779
117 787
117 815
117 830
117 856
117 859
117 863
117 872
117 891
117 910
117 920
117 932
117 940
117 954
117 964
117 980
117 986
117 993
117 1003
117 1018
117 1023
117 1049
117 1061
117 1096
117 1112
117 1121
117 1129
117 1132
117 1140
117 1164
117 1170
117 1185
117 1202
117 1207
117 1214
117 1218
117 1238
117 1250
117 1292
117 1296
117 1304
117 1323
117 1379
117 1432
117 1623
118 404
118 431
118 444
118 477
118 514
118 522
118 598
118 618
118 632
118 652
118 667
118 679
118 701
118 708
118 720
118 727
118 737
118 756
118 778
118 789
118 811
118 819
118 827
118 834
118 855
118 866
118 891
118 899
118 924
118 934
118 940
118 952
118 959
118 970
118 983
118 991
118 1001
118 1010
118 1018
118 1025
118 1033
118 1047
118 1052
118 1073
118 1091
118 1096
118 1102
118 1112
118 1126
118 1132
118 1150
118 1158
118 1169
118 1186
118 1196
118 1213
118 1231
118 1252
118 1266
118 1365
118 1383
118 1421
118 1449
118 1482
118 1497
118 1551
118 1777
119 113
119 366
119 432
119 453
119 476
119 493
119 542
119 585
119 616
119 639
119 652
119 667
119 676
119 697
119 707
119 723
119 755
119 759
119 764
119 778
119 789
119 795
119 815
119 825
119 833
119 856
119 862
119 879
119 889
119 896
119 903
119 931
119 937
119 961
119 968
119 978
119 985
119 1002
119 1010
119 1018
119 1027
119 1043
119 1052
119 1061
119 1069
119 1095
119 1104
119 1118
119 1131
119 1153
119 1167
119 1178
119 1201
119 1220
119 1302
119 1331
119 1377
119 1416
119 1440
119 1450
119 1759
120 454
120 493
120 505
120 530
120 551
120 583
120 623
120 633
120 677
120 697
120 723
120 736
120 752
120 760
120 783
120 793
120 818
120 836
120 853
120 870
120 893
120 925
120 934
120 941
120 959
120 982
120 1002
120 1018
120 1051
120 1058
120 1076
120 1090
120 1101
120 1115
120 1134
120 1184
120 1190
120 1203
120 1217
120 1252
120 1287
120 1298
120 1332
120 1354
120 1365
120 1386
120 1406
120 1414
120 1457
120 1505
120 1529
120 1610
120 1830
121 49
121 189
121 279
121 329
121 438
121 455
121 516
121 541
121 557
121 566
121 584
121 635
121 649
121 682
121 764
121 780
121 801
121 812
121 823
121 828
121 837
121 850
121 861
121 884
121 893
121 903
121 909
121 920
121 932
121 947
121 961
121 966
121 981
121 986
121 999
121 1016
121 1026
121 1035
121 1044
121 1059
121 1072
121 1118
121 1130
121 1154
121 1176
121 1185
121 1208
121 1241
121 1295
121 1310
121 1321
121 1340
121 1382
121 1396
121 1434
121 1683
122 82
122 434
122 444
122 488
122 569
122 575
122 582
122 612
122 642
122 651
122 666
122 703
122 724
122 735
122 741
122 748
122 856
122 877
122 906
122 958
122 965
122 1011
122 1098
122 1105
122 1131
122 1209
122 1252
122 1286
122 1328
122 1385
122 1445
123 426
123 474
123 547
123 555
123 571
123 584
123 595
123 624
123 639
123 700
123 718
123 787
123 818
123 830
123 859
123 872
123 935
123 942
123 961
123 1002
123 1053
123 1068
123 1085
123 1095
123 1128
123 1133
123 1184
123 1191
123 1203
123 1245
123 1264
123 1291
123 1320
123 1390
123 1420
123 1437
123 1450
123 1825
124 145
124 247
124 377
124 462
124 477
124 488
124 554
124 571
124 599
124 621
124 632
124 661
124 684
124 747
124 831
124 858
124 877
124 894
124 923
124 942
124 1033
124 1043
124 1095
124 1127
124 1136
124 1213
124 1245
124 1292
124 1331
124 1384
124 1392
124 1515
124 1593
124 1657
124 1791
125 428
125 477
125 530
125 549
125 566
125 595
125 618
125 639
125 664
125 716
125 722
125 786
125 815
125 860
125 868
125 937
125 957
125 1004
125 1029
125 1050
125 1069
125 1096
125 1121
125 1132
125 1184
125 1194
125 1212
125 1217
125 1231
125 1254
125 1274
125 1308
125 1391
125 1428
125 1567
125 1765
126 26
126 59
126 103
126 297
126 475
126 493
126 549
126 576
126 581
126 593
126 600
126 627
126 641
126 662
126 697
126 701
126 707
126 725
126 757
126 767
126 795
126 857
126 882
126 943
126 965
126 1033
126 1041
126 1071
126 1096
126 1130
126 1135
126 1169
126 1201
126 1234
126 1260
126 1266
126 1305
126 1384
126 1454
126 1703
127 124
127 345
127 477
127 585
127 610
127 625
127 636
127 661
127 680
127 709
127 727
127 746
127 753
127 786
127 797
127 812
127 822
127 835
127 864
127 895
127 910
127 939
127 1019
127 1029
127 1072
127 1088
127 1096
127 1128
127 1135
127 1151
127 1169
127 1184
127 1214
127 1221
127 1243
127 1249
127 1268
127 1294
127 1389
127 1522
127 1642
128 373
128 579
128 584
128 592
128 602
128 610
128 623
128 642
128 650
128 679
128 697
128 716
128 756
128 783
128 800
128 832
128 855
128 862
128 885
128 899
128 905
128 927
128 939
128 953
128 958
128 967
128 983
128 1002
128 1015
128 1020
128 1030
128 1051
128 1086
128 1103
128 1119
128 1130
128 1139
128 1164
128 1187
128 1196
128 1209
128 1220
128 1230
128 1244
128 1258
128 1286
128 1307
128 1385
128 1420
128 1446
128 1828
129 210
129 437
129 568
129 576
129 582
129 632
129 645
129 651
129 658
129 665
129 672
129 687
129 711
129 746
129 756
129 772
129 820
129 829
129 836
129 844
129 856
129 872
129 908
129 918
129 956
129 966
129 991
129 1088
129 1103
129 1116
129 1142
129 1173
129 1187
129 1207
129 1214
129 1219
129 1231
129 1238
129 1247
129 1264
129 1275
129 1285
129 1290
129 1302
129 1565
129 1752
130 177
130 249
130 530
130 603
130 618
130 650
130 679
130 695
130 714
130 739
130 759
130 822
130 831
130 847
130 857
130 864
130 877
130 891
130 940
130 965
130 989
130 1059
130 1143
130 1157
130 1174
130 1205
130 1234
130 1259
130 1268
130 1281
130 1291
130 1302
130 1310
130 1332
130 1816
131 42
131 103
131 348
131 481
131 576
131 585
131 639
131 649
131 661
131 676
131 703
131 736
131 745
131 780
131 796
131 810
131 831
131 856
131 860
131 882
131 896
131 905
131 956
131 964
131 979
131 986
131 1025
131 1068
131 1128
131 1173
131 1183
131 1201
131 1206
131 1219
131 1245
131 1255
131 1268
131 1280
131 1304
131 1365
131 1417
131 1510
131 1686
132 126
132 407
132 594
132 628
132 636
132 650
132 685
132 702
132 709
132 737
132 741
132 791
132 832
132 841
132 873
132 884
132 892
132 931
132 954
132 961
132 979
132 1079
132 1097
132 1155
132 1171
132 1201
132 1214
132 1233
132 1243
132 1263
132 1274
132 1289
132 1297
132 1725
132 1890
133 579
133 586
133 602
133 621
133 651
133 660
133 679
133 693
133 723
133 737
133 753
133 758
133 782
133 787
133 792
133 814
133 831
133 858
133 867
133 893
133 913
133 940
133 958
133 985
133 1012
133 1062
133 1125
133 1132
133 1141
133 1173
133 1202
133 1206
133 1211
133 1238
133 1245
133 1273
133 1284
133 1328
133 1460
133 1540
133 1612
134 173
134 225
134 282
134 319
134 440
134 515
134 582
134 589
134 636
134 648
134 663
134 668
134 681
134 694
134 705
134 719
134 729
134 746
134 755
134 782
134 786
134 794
134 808
134 821
134 829
134 856
134 859
134 866
134 881
134 901
134 920
134 942
134 955
134 971
134 993
134 1097
134 1104
134 1115
134 1131
134 1153
134 1168
134 1179
134 1191
134 1225
134 1241
134 1248
134 1268
134 1310
134 1675
134 1810
135 581
135 586
135 618
135 630
135 644
135 657
135 676
135 694
135 700
135 708
135 724
135 732
135 746
135 752
135 764
135 781
135 785
135 789
135 797
135 812
135 822
135 830
135 837
135 857
135 861
135 877
135 891
135 897
135 908
135 938
135 965
135 982
135 1069
135 1082
135 1090
135 1096
135 1102
135 1116
135 1148
135 1156
135 1167
135 1222
135 1258
135 1267
135 1404
135 1585
135 1836
136 65
136 97
136 582
136 593
136 647
136 664
136 673
136 679
136 686
136 699
136 709
136 727
136 751
136 787
136 795
136 815
136 825
136 831
136 853
136 857
136 863
136 879
136 895
136 901
136 905
136 922
136 932
136 945
136 956
136 961
136 967
136 985
136 1005
136 1055
136 1069
136 1085
136 1102
136 1125
136 1131
136 1137
136 1142
136 1216
136 1226
136 1247
136 1255
136 1264
136 1287
136 1526
136 1769
137 33
137 170
137 376
137 555
137 589
137 618
137 628
137 652
137 665
137 678
137 696
137 710
137 735
137 754
137 764
137 784
137 787
137 814
137 821
137 830
137 840
137 853
137 857
137 861
137 892
137 901
137 908
137 932
137 937
137 942
137 958
137 965
137 984
137 1056
137 1060
137 1089
137 1100
137 1112
137 1129
137 1185
137 1212
137 1221
137 1234
137 1244
137 1272
137 1288
137 1454
137 1654
138 281
138 436
138 511
138 653
138 668
138 693
138 699
138 704
138 718
138 759
138 778
138 787
138 815
138 824
138 857
138 869
138 889
138 901
138 905
138 911
138 930
138 940
138 951
138 957
138 963
138 994
138 1019
138 1029
138 1055
138 1068
138 1078
138 1094
138 1100
138 1160
138 1176
138 1213
138 1220
138 1250
138 1261
138 1276
138 1391
138 1744
139 229
139 421
139 638
139 648
139 653
139 676
139 755
139 762
139 771
139 876
139 900
139 907
139 919
139 934
139 956
139 960
139 967
139 977
139 991
139 1002
139 1014
139 1026
139 1064
139 1140
139 1157
139 1173
139 1206
139 1238
139 1266
139 1343
139 1500
139 1584
139 1718
139 1842
140 148
140 264
140 480
140 594
140 651
140 674
140 686
140 694
140 706
140 711
140 756
140 761
140 787
140 796
140 801
140 814
140 826
140 866
140 903
140 910
140 933
140 939
140 952
140 958
140 982
140 1005
140 1054
140 1069
140 1082
140 1091
140 1126
140 1133
140 1150
140 1172
140 1184
140 1214
140 1234
140 1249
140 1270
140 1451
141 102
141 643
141 651
141 675
141 681
141 688
141 709
141 753
141 759
141 778
141 798
141 815
141 825
141 835
141 854
141 858
141 864
141 884
141 904
141 939
141 964
141 971
141 1004
141 1019
141 1029
141 1052
141 1058
141 1072
141 1093
141 1102
141 1115
141 1128
141 1177
141 1206
141 1217
141 1239
141 1270
141 1809
142 53
142 394
142 662
142 669
142 698
142 703
142 709
142 722
142 732
142 760
142 769
142 789
142 806
142 830
142 856
142 866
142 881
142 891
142 920
142 929
142 938
142 944
142 956
142 964
142 972
142 987
142 1017
142 1034
142 1079
142 1088
142 1098
142 1131
142 1168
142 1216
142 1243
142 1259
142 1277
142 1324
142 1384
142 1487
142 1687
143 203
143 341
143 651
143 668
143 684
143 706
143 758
143 787
143 801
143 842
143 856
143 910
143 920
143 925
143 934
143 957
143 964
143 978
143 1049
143 1080
143 1113
143 1161
143 1195
143 1215
143 1232
143 1244
143 1253
143 1271
143 1778
144 307
144 450
144 537
144 691
144 709
144 724
144 758
144 779
144 788
144 826
144 886
144 919
144 934
144 944
144 961
144 972
144 982
144 992
144 1016
144 1059
144 1134
144 1170
144 1208
144 1218
144 1238
144 1260
144 1280
144 1638
144 1738
145 28
145 170
145 249
145 506
145 664
145 678
145 696
145 707
145 725
145 748
145 757
145 785
145 843
145 860
145 916
145 934
145 943
145 958
145 965
145 984
145 1079
145 1098
145 1115
145 1131
145 1192
145 1220
145 1243
145 1275
145 1346
145 1398
145 1450
145 1535
145 1841
146 130
146 434
146 616
146 680
146 699
146 709
146 721
146 753
146 784
146 789
146 811
146 887
146 941
146 961
146 976
146 986
146 1001
146 1018
146 1042
146 1052
146 1159
146 1176
146 1202
146 1211
146 1221
146 1250
146 1595
146 1612
147 382
147 582
147 674
147 685
147 705
147 727
147 748
147 787
147 856
147 867
147 933
147 967
147 974
147 984
147 1023
147 1057
147 1097
147 1129
147 1140
147 1158
147 1208
147 1244
147 1415
147 1579
147 1685
148 306
148 349
148 675
148 687
148 699
148 707
148 754
148 763
148 785
148 800
148 826
148 878
148 912
148 956
148 964
148 973
148 994
148 1010
148 1049
148 1089
148 1132
148 1160
148 1176
148 1208
148 1220
148 1239
148 1267
148 1304
148 1337
148 1727
148 1812
149 112
149 230
149 482
149 547
149 667
149 676
149 700
149 722
149 729
149 752
149 782
149 811
149 826
149 860
149 919
149 932
149 940
149 955
149 960
149 981
149 990
149 1078
149 1121
149 1175
149 1181
149 1211
149 1217
149 1649
149 1654
150 60
150 193
150 675
150 692
150 716
150 733
150 757
150 765
150 784
150 789
150 823
150 855
150 868
150 891
150 934
150 955
150 961
150 1009
150 1018
150 1093
150 1144
150 1205
150 1215
150 1236
150 1479
150 1558
151 170
151 280
151 454
151 679
151 685
151 702
151 723
151 751
151 782
151 821
151 831
151 851
151 862
151 889
151 894
151 940
151 958
151 969
151 994
151 1003
151 1010
151 1026
151 1103
151 1118
151 1129
151 1172
151 1193
151 1214
151 1219
151 1240
151 1398
151 1723
152 20
152 398
152 519
152 596
152 710
152 759
152 766
152 792
152 835
152 843
152 858
152 874
152 926
152 936
152 958
152 969
152 989
152 1028
152 1115
152 1133
152 1152
152 1158
152 1180
152 1200
152 1220
152 1232
152 1432
152 1533
152 1595
152 1649
152 1792
153 649
153 733
153 750
153 782
153 799
153 812
153 831
153 859
153 866
153 893
153 904
153 919
153 953
153 963
153 980
153 993
153 1010
153 1021
153 1082
153 1094
153 1119
153 1132
153 1147
153 1173
153 1191
153 1213
153 1296
153 1331
153 1650
153 1856
154 135
154 380
154 718
154 753
154 760
154 771
154 787
154 815
154 832
154 853
154 860
154 889
154 924
154 931
154 957
154 962
154 991
154 1018
154 1048
154 1090
154 1114
154 1128
154 1177
154 1188
154 1205
154 1371
154 1388
154 1704
155 78
155 109
155 123
155 238
155 454
155 512
155 579
155 683
155 747
155 822
155 829
155 841
155 855
155 862
155 888
155 942
155 962
155 969
155 1003
155 1008
155 1039
155 1082
155 1096
155 1103
155 1125
155 1142
155 1174
155 1191
155 1491
156 196
156 266
156 305
156 733
156 771
156 789
156 833
156 838
156 865
156 875
156 901
156 924
156 938
156 957
156 977
156 993
156 1066
156 1096
156 1117
156 1151
156 1161
156 1192
156 1281
156 1604
156 1770
156 1819
157 380
157 635
157 764
157 773
157 814
157 835
157 843
157 860
157 871
157 887
157 892
157 917
157 940
157 960
157 1001
157 1051
157 1091
157 1107
157 1125
157 1131
157 1143
157 1156
157 1173
157 1190
157 1227
157 1432
157 1478
157 1555
157 1591
157 1667
158 26
158 428
158 736
158 789
158 799
158 822
158 854
158 865
158 892
158 901
158 906
158 954
158 963
158 981
158 1003
158 1027
158 1085
158 1101
158 1109
158 1129
158 1135
158 1144
158 1169
158 1333
158 1759
159 73
159 185
159 562
159 686
159 767
159 775
159 824
159 839
159 859
159 886
159 890
159 929
159 942
159 959
159 972
159 1002
159 1058
159 1070
159 1103
159 1168
159 1384
159 1715
160 120
160 242
160 344
160 463
160 523
160 615
160 795
160 806
160 856
160 864
160 881
160 891
160 897
160 958
160 969
160 1021
160 1046
160 1057
160 1086
160 1098
160 1108
160 1153
160 1263
160 1648
161 307
161 799
161 811
161 842
161 853
161 873
161 926
161 935
161 961
161 968
161 1005
161 1078
161 1113
161 1128
161 1328
161 1518
161 1796
161 1845
162 25
162 50
162 227
162 424
162 600
162 815
162 879
162 891
162 910
162 957
162 967
162 977
162 1011
162 1049
162 1056
162 1070
162 1115
162 1184
162 1217
162 1433
162 1478
162 1558
162 1617
162 1688
163 30
163 103
163 408
163 672
163 751
163 785
163 795
163 830
163 855
163 859
163 872
163 936
163 960
163 969
163 993
163 1052
163 1085
163 1099
163 1114
163 1378
163 1773
164 22
164 58
164 74
164 134
164 155
164 191
164 288
164 561
164 706
164 737
164 823
164 846
164 890
164 913
164 934
164 958
164 964
164 997
164 1030
164 1079
164 1088
164 1093
165 22
165 37
165 64
165 107
165 133
165 169
165 198
165 244
165 494
165 830
165 858
165 876
165 894
165 917
165 963
165 980
165 1010
165 1043
165 1081
165 1125
165 1748
166 85
166 152
166 184
166 221
166 237
166 268
166 296
166 351
166 358
166 516
166 649
166 844
166 883
166 903
166 912
166 934
166 962
166 969
166 989
166 1022
166 1040
166 1056
166 1308
166 1352
166 1428
166 1477
166 1521
166 1677
167 29
167 44
167 111
167 135
167 159
167 201
167 238
167 257
167 319
167 335
167 461
167 612
167 846
167 875
167 887
167 962
167 992
167 1006
167 1019
167 1045
167 1093
167 1209
167 1245
167 1291
167 1575
167 1582
167 1613
167 1644
168 89
168 257
168 264
168 304
168 355
168 407
168 746
168 788
168 858
168 886
168 902
168 913
168 924
168 931
168 938
168 951
168 958
168 963
168 989
168 1002
168 1014
168 1047
168 1058
168 1728
168 1803
169 125
169 196
169 291
169 325
169 393
169 427
169 575
169 704
169 854
169 872
169 890
169 899
169 905
169 925
169 995
169 1179
169 1403
170 70
170 158
170 212
170 894
170 916
170 921
170 930
170 952
170 960
170 982
170 1018
170 1028
170 1039
170 1195
171 29
171 502
171 543
171 643
171 902
171 929
171 950
171 957
171 989
171 1003
171 1010
171 1462
171 1495
171 1531
171 1551
171 1773
171 1844
172 130
172 376
172 680
172 826
172 906
172 912
172 953
172 964
172 1010
172 1101
172 1135
172 1258
172 1329
172 1337
172 1576
172 1631
172 1706
173 115
173 188
173 260
173 307
173 773
173 902
173 921
173 932
173 957
173 995
173 1003
173 1684
174 87
174 343
174 438
174 473
174 494
174 630
174 731
174 906
174 911
174 939
174 947
174 957
174 962
174 983
174 992
174 1019
174 1045
174 1092
174 1431
174 1750
174 1761
175 168
175 582
175 889
175 903
175 919
175 938
175 952
175 961
175 991
175 1006
175 1026
175 1240
175 1826
175 1857
176 51
176 233
176 538
176 681
176 812
176 904
176 917
176 938
176 944
176 952
176 957
176 982
176 1002
176 1008
176 1025
176 1199
176 1486
176 1527
177 129
177 304
177 394
177 882
177 898
177 906
177 916
177 940
177 951
177 985
177 993
177 1027
177 1173
177 1310
177 1347
177 1390
177 1576
177 1601
177 1805
178 264
178 442
178 476
178 492
178 771
178 901
178 905
178 910
178 943
178 960
178 965
178 1002
178 1018
178 1033
178 1133
178 1139
178 1429
178 1610
178 1689
178 1735
178 1755
178 1775
179 52
179 104
179 222
179 365
179 593
179 634
179 735
179 861
179 892
179 904
179 928
179 940
179 953
179 959
179 988
179 1002
179 1043
179 1049
179 1101
179 1659
180 182
180 187
180 534
180 677
180 919
180 929
180 943
180 954
180 958
180 991
180 1010
180 1017
180 1282
180 1474
180 1515
180 1551
180 1844
181 164
181 906
181 920
181 929
181 942
181 957
181 982
181 1008
181 1244
181 1594
181 1640
181 1728
181 1819
182 95
182 303
182 347
182 902
182 917
182 934
182 945
182 957
182 966
182 993
182 1003
182 1197
182 1356
182 1409
182 1651
182 1753
182 1813
183 33
183 64
183 148
183 225
183 259
183 417
183 446
183 486
183 504
183 583
183 727
183 769
183 822
183 921
183 933
183 958
183 990
183 1047
183 1083
183 1135
183 1170
183 1185
183 1323
183 1345
183 1459
183 1707
184 20
184 629
184 678
184 911
184 927
184 942
184 966
184 1008
184 1516
185 198
185 542
185 932
185 959
185 1305
185 1564
185 1612
185 1641
185 1741
185 1791
185 1837
186 31
186 118
186 392
186 404
186 909
186 988
186 1266
186 1434
186 1702
187 19
187 72
187 959
187 980
187 1237
187 1873
188 40
188 64
188 102
188 181
188 266
188 331
188 378
188 476
188 526
188 581
188 730
188 747
188 786
188 824
188 874
188 971
188 989
188 1031
188 1063
188 1101
188 1151
188 1184
188 1367
188 1407
188 1476
188 1820
188 1845
189 27
189 88
189 108
189 125
189 152
189 246
189 313
189 450
189 632
189 657
189 952
189 1740
189 1795
189 1845
189 1875
190 18
190 40
190 52
190 76
190 105
190 137
190 172
190 202
190 224
190 960
190 970
190 1311
190 1567
190 1608
190 1674
190 1699
190 1793
190 1823
190 1838
190 1867
191 30
191 67
191 92
191 136
191 150
191 174
191 199
191 238
191 303
191 944
191 1354
191 1531
191 1558
191 1657
191 1747
191 1781
191 1805
192 39
192 82
192 111
192 133
192 173
192 187
192 232
192 269
192 283
192 338
192 433
192 514
192 965
192 1250
192 1477
192 1611
192 1639
192 1657
192 1681
192 1704
192 1717
192 1753
192 1846
192 1865
192 1875
193 33
193 59
193 78
193 102
193 129
193 152
193 167
193 202
193 252
193 288
193 557
193 600
193 765
193 793
193 841
193 877
193 960
193 988
193 1048
193 1071
193 1124
193 1152
193 1189
193 1238
193 1446
193 1525
193 1553
193 1579
193 1606
193 1629
193 1665
193 1679
193 1713
193 1735
193 1780
193 1815
193 1830
193 1849
194 49
194 136
194 198
194 235
194 272
194 280
194 326
194 465
194 641
194 687
194 725
194 956
194 993
194 1304
194 1653
194 1703
194 1759
195 31
195 72
195 102
195 173
195 196
195 201
195 221
195 254
195 312
195 359
195 374
195 1365
195 1526
195 1555
195 1596
195 1639
195 1687
195 1734
195 1753
195 1776
195 1808
195 1854
196 23
196 56
196 130
196 152
196 242
196 256
196 282
196 292
196 337
196 413
196 454
196 475
196 1444
196 1487
196 1568
196 1609
196 1666
196 1704
196 1768
196 1793
196 1843
196 1866
197 33
197 75
197 89
197 117
197 137
197 173
197 201
197 217
197 254
197 273
197 286
197 330
197 362
197 385
197 513
197 556
197 1644
197 1682
197 1700
197 1712
197 1750
197 1759
197 1806
197 1828
197 1855
197 1875
198 21
198 54
198 135
198 153
198 184
198 206
198 221
198 244
198 258
198 281
198 289
198 302
198 329
198 336
198 355
198 382
198 409
198 436
198 448
198 456
198 578
198 625
198 1555
198 1567
198 1599
198 1611
198 1758
198 1792
198 1822
198 1830
198 1866
199 21
199 54
199 89
199 110
199 131
199 505
199 1768
199 1780
199 1827
199 1866
