0 385
0 513
0 745
0 910
0 922
0 1036
0 1234
0 1257
0 1445
0 1448
0 1467
0 1541
0 1601
0 1770
1 14
1 378
1 412
1 1352
1 1672
2 225
2 398
2 597
2 973
2 1134
2 1457
3 18
3 102
3 625
3 725
3 1122
3 1326
3 1629
3 1647
4 89
4 127
4 283
4 473
4 567
4 751
4 1212
4 1270
4 1520
4 1533
4 1676
4 1681
5 195
5 210
5 255
5 299
5 416
5 673
5 782
5 1169
5 1425
5 1504
5 1719
5 1786
6 154
6 178
6 1380
6 1385
6 1454
6 1525
7 321
7 407
7 625
7 642
7 695
7 904
7 977
7 1145
7 1407
7 1581
7 1626
8 232
8 270
8 273
8 414
8 563
8 627
8 843
8 906
8 1064
8 1089
8 1130
8 1211
8 1247
8 1642
8 1760
8 1782
9 448
9 542
9 574
9 734
9 884
9 1123
9 1379
9 1474
9 1808
9 1826
10 75
10 99
10 218
10 272
10 430
10 1134
10 1391
10 1412
10 1488
10 1710
11 427
11 457
11 718
11 783
11 897
11 917
11 1126
11 1145
11 1150
11 1638
11 1758
11 1822
12 125
12 206
12 351
12 592
12 648
12 734
12 922
12 1372
12 1573
12 1631
12 1661
12 1720
13 248
13 712
13 920
13 1163
13 1308
13 1692
13 1840
14 104
14 311
14 548
14 604
14 664
14 850
14 979
14 1037
14 1038
14 1495
15 292
15 1062
15 1064
15 1133
15 1218
15 1584
15 1650
16 112
16 689
16 937
16 1065
16 1494
16 1654
17 1298
17 1308
17 1736
18 184
18 280
18 837
18 991
18 1036
18 1057
18 1062
18 1092
18 1751
19 284
19 442
19 779
19 1162
19 1167
19 1186
19 1752
19 1879
19 1885
20 146
20 172
20 179
20 290
20 897
20 898
20 1050
20 1065
20 1219
20 1224
20 1304
20 1662
20 1667
21 102
21 230
21 550
21 755
21 870
21 912
21 1222
21 1330
21 1780
21 1868
22 169
22 254
22 758
22 809
22 925
22 1733
23 201
23 445
23 616
23 686
23 826
23 831
23 1123
23 1181
23 1408
23 1773
24 105
24 309
24 353
24 580
24 590
24 626
24 672
24 673
24 905
24 965
24 1066
24 1304
24 1495
24 1639
25 129
25 299
25 500
25 742
25 908
25 1143
25 1209
25 1244
25 1504
26 329
26 934
26 1153
26 1169
26 1318
26 1350
26 1625
26 1629
26 1661
26 1662
26 1753
26 1776
26 1801
26 1881
27 85
27 367
27 429
27 442
27 592
27 1130
27 1164
27 1566
27 1750
27 1770
27 1844
28 33
28 54
28 212
28 698
28 972
28 1591
28 1791
29 162
29 195
29 450
29 587
29 720
29 782
29 1011
29 1110
29 1393
29 1560
29 1695
30 263
30 474
30 510
30 870
30 961
30 1475
30 1640
30 1671
30 1812
31 58
31 894
31 937
31 1641
31 1790
31 1881
32 368
32 373
32 790
32 1407
32 1454
32 1561
32 1678
32 1760
33 23
33 96
33 159
33 171
33 496
33 1052
33 1194
33 1386
33 1521
33 1538
34 596
34 820
35 329
35 370
35 603
35 613
35 705
35 1180
35 1232
35 1261
35 1287
35 1470
35 1500
35 1614
35 1678
36 223
36 248
36 256
36 355
36 505
36 598
36 628
36 724
36 888
36 1008
36 1463
36 1732
36 1840
36 1880
37 170
37 253
37 676
37 868
37 879
37 916
37 1256
38 448
38 672
38 1410
38 1453
38 1692
39 25
39 263
39 320
39 597
39 1211
39 1602
39 1707
39 1804
40 351
40 998
40 1091
40 1283
40 1327
40 1354
40 1634
40 1655
40 1717
41 276
41 471
41 504
41 844
41 1282
42 86
42 785
42 1116
42 1341
42 1783
42 1853
43 222
43 432
43 550
43 704
43 1046
43 1074
43 1169
43 1727
43 1748
43 1842
44 51
44 64
44 84
44 357
44 359
44 731
44 862
44 1181
44 1252
44 1332
44 1375
44 1579
44 1733
44 1767
44 1831
45 10
45 485
45 548
45 658
45 740
45 746
45 817
45 901
45 982
45 1011
45 1165
46 33
46 295
46 424
46 496
46 591
46 1224
46 1311
46 1740
46 1864
47 128
47 852
47 1043
47 1053
47 1306
47 1337
47 1353
47 1646
48 249
48 254
48 805
48 912
48 1045
48 1180
48 1524
48 1669
48 1796
49 19
49 49
49 138
49 377
49 644
49 728
49 837
49 889
49 1016
49 1470
49 1622
50 95
50 219
50 569
50 776
50 998
50 1166
50 1506
50 1650
50 1714
50 1739
50 1800
50 1826
51 407
51 495
51 528
51 562
51 762
51 966
51 1193
51 1196
51 1352
51 1364
51 1368
51 1685
51 1755
52 388
52 656
52 1026
52 1311
52 1346
52 1473
53 32
53 393
53 443
53 613
53 1023
53 1074
53 1222
53 1410
53 1449
53 1525
53 1586
53 1755
54 228
54 313
54 558
54 743
54 846
54 883
54 998
54 1088
54 1182
54 1487
54 1585
54 1851
54 1883
55 316
55 488
55 924
55 1022
55 1257
55 1694
55 1732
55 1851
56 342
56 577
56 966
56 1138
56 1310
56 1350
56 1482
56 1612
56 1714
56 1738
57 368
57 411
57 575
57 897
57 992
57 1042
57 1206
57 1405
57 1664
57 1708
57 1802
58 3
58 96
58 273
58 1212
58 1426
59 190
59 428
59 742
59 1548
59 1573
60 244
60 644
60 728
60 761
60 770
60 855
60 1013
60 1109
60 1137
60 1234
60 1293
60 1535
60 1714
60 1747
60 1787
61 34
61 47
61 449
61 720
61 888
61 1028
61 1047
61 1054
61 1679
61 1700
61 1816
61 1860
62 12
62 196
62 462
62 607
62 871
62 1018
62 1240
62 1467
62 1532
62 1550
62 1757
63 79
63 193
63 830
63 923
63 958
63 1714
64 178
64 690
64 803
64 999
64 1827
65 277
65 386
65 493
65 1231
65 1433
66 84
66 314
66 426
66 569
66 615
66 622
66 899
66 1004
66 1017
66 1137
66 1370
66 1396
66 1647
66 1792
67 45
67 241
67 751
67 860
67 1027
67 1250
67 1555
67 1569
68 60
68 225
68 236
68 305
68 309
68 515
68 659
68 889
68 1165
68 1298
68 1690
69 418
69 449
69 694
69 796
69 986
69 1045
69 1140
69 1383
70 34
70 822
70 1237
70 1272
70 1304
70 1371
70 1386
70 1400
70 1460
71 8
71 295
71 427
71 612
71 750
71 948
71 1066
71 1245
71 1722
71 1728
72 99
72 121
72 240
72 536
72 690
72 849
72 1059
72 1226
72 1299
72 1320
72 1434
73 141
73 192
73 244
73 442
73 716
73 730
73 1134
73 1371
73 1433
73 1628
74 293
74 470
74 734
74 1028
74 1519
75 92
75 151
75 893
75 1585
75 1756
75 1787
76 249
76 522
76 523
76 563
76 1196
76 1221
76 1301
76 1398
76 1476
76 1814
77 23
77 354
77 441
77 572
77 809
77 874
77 958
77 1161
77 1229
77 1230
77 1439
77 1440
77 1544
77 1606
78 344
78 623
78 850
78 953
78 1321
78 1660
78 1724
79 69
79 345
79 385
79 586
79 813
79 956
79 1051
79 1326
79 1590
79 1711
79 1853
80 37
80 431
80 454
80 870
80 894
80 1037
80 1125
80 1430
80 1447
80 1460
80 1499
80 1656
80 1709
80 1774
80 1805
81 255
81 389
81 769
81 1044
81 1289
81 1460
81 1580
81 1613
81 1709
81 1758
81 1788
82 22
82 527
82 792
82 1111
82 1405
82 1420
82 1638
83 172
83 428
83 717
83 1256
83 1503
83 1679
83 1739
83 1748
84 517
84 653
84 1268
84 1551
84 1688
84 1744
85 429
85 452
85 689
85 778
85 952
85 1062
85 1110
85 1634
86 107
86 179
86 213
86 252
86 641
86 741
86 949
86 1067
86 1073
86 1739
86 1764
87 164
87 386
87 444
87 701
87 919
87 1138
87 1246
87 1273
87 1780
88 39
88 214
88 631
88 836
88 1060
88 1166
88 1503
88 1773
88 1780
88 1850
89 145
89 251
89 392
89 532
89 688
89 949
89 1012
89 1119
89 1125
90 244
90 511
90 836
90 1152
90 1184
90 1229
90 1327
90 1435
90 1517
90 1569
91 1298
91 1465
91 1728
91 1863
92 174
92 530
92 1260
92 1356
92 1561
93 328
93 624
93 682
93 1002
93 1358
93 1621
93 1725
93 1763
93 1823
93 1874
94 182
94 287
94 558
94 598
94 671
94 719
94 758
94 895
94 944
94 1072
94 1168
94 1378
94 1389
94 1590
94 1799
94 1819
95 59
95 223
95 343
95 373
95 906
95 1038
95 1118
95 1330
95 1402
95 1426
95 1633
96 95
96 263
96 463
96 1170
96 1262
96 1456
96 1483
97 353
97 426
97 432
97 640
97 690
97 1281
97 1336
97 1390
97 1691
98 365
98 509
98 720
98 912
98 917
98 1086
98 1188
98 1545
99 103
99 164
99 426
99 665
99 1304
99 1382
99 1446
99 1465
99 1518
99 1662
100 162
100 313
100 1281
100 1328
100 1483
100 1511
100 1556
100 1700
101 13
101 482
101 518
101 608
101 637
101 804
101 922
101 1085
101 1110
101 1240
101 1405
101 1771
102 31
102 47
102 89
102 770
102 941
102 1246
102 1564
103 98
103 237
103 334
103 408
103 578
103 604
103 648
103 900
103 914
103 1280
103 1367
103 1760
104 13
104 65
104 98
104 422
104 530
104 1107
104 1176
104 1631
104 1745
105 153
105 301
105 502
105 686
105 1465
105 1540
105 1767
105 1786
106 74
106 765
106 1012
106 1124
106 1320
106 1486
106 1642
106 1806
107 114
107 557
107 1029
107 1066
107 1345
107 1862
108 54
108 481
108 504
108 861
108 947
108 954
108 1224
108 1338
108 1508
108 1630
109 50
109 82
109 241
109 288
109 340
109 1050
109 1335
109 1430
109 1791
110 57
110 60
110 69
110 661
110 1744
110 1762
110 1797
111 222
111 295
111 755
111 764
111 914
111 1098
111 1620
112 46
112 63
112 140
112 423
112 809
112 1139
112 1289
112 1368
112 1870
112 1884
113 1180
113 1198
113 1283
113 1359
113 1406
113 1449
113 1480
114 201
114 539
114 621
114 849
114 934
114 1116
114 1198
114 1653
114 1659
114 1758
115 94
115 122
115 558
115 760
115 778
115 872
115 1097
115 1161
115 1676
115 1807
116 221
116 1380
116 1546
116 1564
116 1665
116 1692
116 1763
116 1811
117 24
117 553
117 570
117 573
117 577
117 635
117 708
117 751
117 943
117 1238
117 1398
117 1735
118 0
118 253
118 445
118 910
118 948
118 1170
118 1179
118 1582
118 1649
118 1843
119 223
119 285
119 362
119 638
119 643
119 889
119 896
120 164
120 312
120 488
120 881
120 1276
120 1323
120 1835
121 557
121 781
121 896
121 1340
121 1550
122 80
122 160
122 205
122 229
122 490
122 581
122 661
122 767
122 779
122 1020
122 1080
122 1082
122 1100
122 1159
123 217
123 449
123 565
123 912
123 981
123 1134
123 1270
123 1365
123 1774
123 1842
124 235
124 263
124 319
124 408
124 616
124 894
124 1262
124 1490
124 1592
124 1812
125 9
125 84
125 87
125 192
125 403
125 456
125 524
125 1698
125 1791
126 133
126 260
126 543
126 664
126 1359
126 1360
126 1475
126 1484
126 1614
126 1763
126 1777
127 52
127 388
127 600
127 911
127 1182
127 1368
127 1442
127 1651
127 1773
128 53
128 228
128 438
128 572
128 974
128 976
128 1065
128 1068
128 1320
129 19
129 58
129 176
129 214
129 527
129 624
129 675
129 755
129 1671
129 1728
130 46
130 254
130 401
130 442
130 604
130 643
130 646
130 847
130 1005
130 1372
130 1378
130 1428
130 1571
131 7
131 717
131 1092
131 1101
131 1644
131 1854
132 536
132 1443
132 1526
132 1573
132 1587
132 1699
133 88
133 339
133 376
133 1277
133 1621
133 1699
133 1768
134 265
134 1012
134 1307
134 1328
134 1489
134 1626
135 38
135 623
135 1034
135 1207
135 1327
135 1392
135 1645
136 21
136 25
136 334
136 832
136 918
136 1071
136 1266
136 1297
136 1439
136 1666
137 145
137 147
137 310
137 589
137 609
137 996
137 1305
137 1320
138 82
138 249
138 497
138 674
138 950
138 1036
138 1040
138 1045
138 1369
138 1376
138 1474
138 1578
138 1874
139 101
139 113
139 1011
139 1184
139 1483
139 1821
140 31
140 218
140 349
140 354
140 495
140 522
140 588
140 869
140 1296
141 327
141 638
141 774
141 931
141 1509
141 1542
141 1650
142 686
142 780
142 1091
142 1480
142 1700
143 3
143 425
143 741
143 932
143 1183
143 1210
143 1231
143 1548
143 1768
143 1771
144 330
144 450
144 553
144 706
144 904
144 908
144 1235
144 1258
144 1278
144 1458
144 1646
144 1765
145 83
145 633
145 692
145 713
145 907
145 947
145 976
145 1201
145 1535
145 1619
145 1834
146 102
146 199
146 305
146 565
146 599
146 683
146 1012
146 1092
146 1232
146 1242
146 1412
146 1493
146 1743
147 142
147 259
147 283
147 438
147 569
147 603
147 630
147 817
147 838
147 978
147 1134
147 1402
148 36
148 75
148 266
148 486
148 767
148 818
148 929
148 1166
148 1435
148 1516
148 1523
148 1634
148 1705
149 144
149 578
149 754
149 986
149 1035
149 1130
149 1222
149 1240
149 1269
149 1324
149 1410
149 1542
149 1640
150 46
150 74
150 84
150 171
150 183
150 320
150 513
150 593
150 1132
150 1291
150 1362
150 1742
150 1746
150 1759
150 1838
151 266
151 367
151 512
151 774
151 861
151 1124
151 1582
151 1746
151 1787
151 1797
152 14
152 275
152 311
152 457
152 731
152 764
152 952
152 1065
152 1196
152 1198
152 1233
152 1784
153 13
153 183
153 648
153 819
153 1067
153 1262
153 1284
153 1310
153 1638
153 1693
153 1812
154 55
154 80
154 229
154 445
154 944
154 988
154 1114
154 1187
154 1566
154 1633
155 210
155 445
155 703
155 876
155 1096
155 1252
156 191
156 194
156 430
156 752
156 1126
156 1267
156 1380
156 1738
157 38
157 110
157 112
157 367
157 715
157 902
157 1520
158 366
158 519
158 749
158 938
158 1151
158 1226
158 1258
158 1278
159 58
159 511
159 604
159 833
159 1842
160 67
160 426
160 538
160 763
160 818
160 851
160 999
160 1032
160 1039
160 1149
160 1237
160 1320
160 1559
160 1573
161 45
161 137
161 338
161 340
161 408
161 632
161 752
161 1086
161 1184
161 1375
162 181
162 294
162 412
162 683
162 746
162 1260
162 1606
162 1672
162 1760
163 117
163 149
163 230
163 269
163 343
163 348
163 363
163 502
163 1783
163 1845
163 1874
164 26
164 304
164 488
164 735
164 752
164 1146
165 43
165 185
165 250
165 651
165 671
165 679
165 999
165 1057
165 1086
165 1269
165 1628
165 1889
166 898
166 1217
166 1295
166 1563
166 1706
167 114
167 396
167 783
167 1021
167 1109
167 1448
167 1511
168 33
168 44
168 264
168 318
168 403
168 568
168 1420
168 1429
168 1441
168 1744
169 69
169 170
169 196
169 698
169 767
169 846
169 881
169 887
169 1053
169 1353
169 1356
169 1591
169 1594
170 19
170 172
170 242
170 450
170 898
170 1020
170 1167
170 1228
170 1319
170 1348
170 1380
170 1505
170 1689
170 1840
171 197
171 729
171 749
171 887
171 1184
171 1258
171 1268
171 1328
171 1360
171 1376
171 1838
172 244
172 268
172 537
172 812
172 910
172 913
172 1276
172 1419
172 1431
172 1442
172 1548
172 1778
173 127
173 294
173 674
173 864
173 905
173 1184
173 1377
173 1437
173 1448
173 1574
173 1660
173 1672
173 1711
173 1713
173 1735
174 156
174 310
174 332
174 495
174 605
174 666
174 676
174 744
174 950
174 1072
174 1140
174 1243
174 1449
174 1838
174 1844
175 19
175 46
175 127
175 1034
175 1079
175 1261
175 1316
175 1479
175 1484
175 1602
175 1860
176 473
176 1317
176 1619
176 1832
176 1848
176 1860
177 194
177 240
177 890
177 960
177 1080
177 1299
177 1428
177 1566
177 1814
178 789
178 884
178 914
178 933
178 986
178 1315
178 1544
178 1846
179 176
179 212
179 226
179 263
179 306
179 451
179 1005
179 1049
179 1438
179 1464
179 1820
179 1852
180 71
180 168
180 445
180 538
180 1020
180 1048
180 1211
180 1359
180 1452
180 1539
181 379
181 489
181 837
181 897
181 1037
181 1198
181 1296
181 1361
181 1536
181 1662
182 57
182 334
182 480
182 1227
182 1282
182 1496
183 103
183 125
183 132
183 192
183 242
183 370
183 547
183 743
183 1038
183 1216
183 1253
183 1517
183 1556
183 1645
184 216
184 363
184 401
184 656
184 827
184 953
184 1647
185 50
185 120
185 123
185 236
185 261
185 853
185 881
185 916
185 1078
185 1137
185 1372
185 1411
185 1801
185 1816
186 230
186 347
186 669
186 901
186 1254
186 1260
186 1437
186 1546
186 1806
186 1861
187 413
187 497
187 1057
187 1137
187 1809
188 68
188 129
188 343
188 642
188 899
188 1142
188 1298
188 1469
188 1470
188 1593
188 1606
189 173
189 295
189 560
189 595
189 678
189 724
189 1167
189 1301
189 1507
189 1784
190 334
190 425
190 952
190 1013
190 1024
190 1111
190 1393
190 1547
190 1607
190 1620
190 1754
191 14
191 727
191 759
191 823
191 879
191 907
191 1146
191 1450
191 1648
191 1670
191 1758
191 1864
192 8
192 281
192 313
192 331
192 1326
192 1625
192 1638
192 1825
193 242
193 499
193 1199
193 1459
193 1601
193 1680
193 1780
193 1814
193 1824
194 97
194 629
194 837
194 1043
194 1202
194 1471
194 1519
195 99
195 276
195 466
195 481
195 743
195 1051
195 1411
195 1469
195 1519
195 1761
196 65
196 159
196 779
196 1126
196 1176
196 1325
196 1588
196 1866
197 12
197 96
197 1235
197 1580
198 205
198 299
198 847
198 1017
198 1051
198 1236
198 1621
199 104
199 191
199 205
199 264
199 444
199 489
199 549
199 804
199 820
199 1255
199 1353
199 1515
199 1571
199 1616
199 1723
199 1811
